0.41864 0.253723
-0.697845 0.22963
-0.41194 0.134202
-0.402861 0.146589
-0.290035 -0.0880774
-0.374424 -0.716013
0.226048 0.63013
-0.272969 0.217761
-0.0784506 0.221465
0.485382 -0.0734642
0.746636 0.311737
0.496882 -0.174639
0.699825 0.154076
0.301244 0.228519
-0.541609 -0.110061
0.433952 -0.102325
0.20539 -0.460675
-0.226339 0.139583
-0.228857 -0.362384
-0.237421 0.120307
-0.339046 -0.69425
-0.113906 0.0872918
0.074681 0.354568
-0.117101 -0.348259
0.161106 0.41625
-0.141098 -0.390115
-0.381387 -0.11621
-0.840847 -0.246144
-0.124405 0.310859
0.641789 0.25133
0.37135 -0.914279
-0.662914 -0.201706
-0.564 -0.283435
0.126619 -0.00923308
0.856441 0.270104
-0.22649 -0.476101
0.414125 -0.180114
0.335498 0.536796
0.617386 -0.324319
0.869584 -0.420959
0.55342 -0.316895
-0.260044 -0.385296
0.190878 0.425913
0.398916 -0.108639
0.642391 -0.172687
0.502891 0.35297
0.186584 0.385117
-0.0402837 0.00603391
-0.255895 0.695108
-0.263784 0.37129
-0.519242 -0.342998
-0.589106 0.136839
0.339864 -0.906679
0.271286 0.426506
-0.305616 -0.440338
-0.910778 0.318943
-0.261618 -0.603615
0.155483 0.517173
-0.558749 0.326144
0.146081 0.443207
-0.386154 -0.721054
-0.257062 -0.378275
0.349777 0.637647
0.20468 -0.11189
-0.573843 -0.218536
0.156954 0.494835
0.336833 0.0822587
0.263212 -0.40647
-0.227532 0.510934
0.356572 0.22281
-0.309536 -0.57049
-0.183955 0.637386
-0.326913 -0.893788
-0.603861 0.185465
-0.341442 0.245923
0.355738 0.765063
-0.556221 -0.235696
0.853258 -0.262001
0.0108732 -0.016781
0.112228 -0.510526
0.495214 0.261262
0.175977 -0.208935
0.260107 -0.512518
0.205281 0.748019
0.170434 -0.340721
-0.736888 0.390956
0.262597 -0.112485
-0.0814187 0.377924
0.613536 0.302435
0.204442 -0.542583
0.118321 0.157047
-0.0144972 -0.0962597
0.362269 -0.0791899
0.876287 0.377675
0.474703 -0.203538
-0.618467 0.352578
0.354967 -0.630381
-0.00570762 0.114708
0.665783 -0.37313
-0.239084 0.166904
-0.470423 0.283007
-0.232183 0.714373
-0.642853 -0.306501
-0.66836 -0.308527
-0.660753 0.27602
-0.735149 0.283222
0.342919 -0.887017
-0.0510954 -0.0792072
-0.0637167 -0.0410664
-0.398103 -0.904847
0.374431 -0.589383
0.720907 -0.263599
0.777559 -0.296347
-0.682535 0.297894
-0.296197 -0.156734
-0.306995 -0.58372
-0.467713 -0.133494
-0.0502627 0.0942001
-0.207831 -0.250397
0.439437 -0.240729
-0.627381 0.272037
0.0751802 -0.146561
-0.705377 -0.3267
0.66801 0.278393
-0.220988 -0.370846
-0.254436 0.641521
0.284817 0.510638
-0.242411 -0.170201
-0.589493 0.254134
-0.627716 -0.194197
0.185063 0.625859
-0.364268 -0.122143
0.362448 0.22928
0.27721 0.44017
0.0767792 0.524387
0.171121 0.13491
-0.410182 0.665832
-0.205961 0.114556
0.350921 0.712434
0.205412 -0.482944
0.173712 0.540732
0.312888 -0.728556
-0.338967 0.642739
-0.27956 -0.437184
0.57351 -0.130058
-0.183146 0.34915
-0.332746 0.571865
-0.316051 0.521437
-0.258891 0.645275
-0.37634 0.21905
-0.304777 0.781075
0.429905 0.749855
-0.245599 0.124593
0.0538854 -0.130688
0.286969 0.525508
-0.371394 -0.639329
-0.177206 -0.268144
0.327397 -0.848005
0.322163 -0.917575
-0.845237 0.266363
0.350806 0.276983
-0.310727 0.146809
0.0450401 0.278921
0.159964 0.461971
-0.876208 -0.291578
0.212496 -0.750253
0.768867 -0.318805
-0.49377 0.297092
0.139518 -0.42017
0.644142 0.13153
0.0970419 -0.574692
0.110806 -0.308019
-0.270452 -0.722581
-0.541893 -0.212577
0.539247 0.0873731
0.681421 -0.327226
0.396616 -0.699757
-0.619985 0.307961
-0.263379 0.501509
-0.550475 -0.247022
-0.145233 0.217903
-0.823156 -0.393886
0.0194132 -0.17512
-0.303664 0.0641659
0.646557 0.355952
-0.0771895 0.214182
-0.727156 -0.171034
0.884822 0.269828
0.32154 0.841497
0.392256 0.782581
0.710949 0.272354
0.160016 -0.222635
-0.489873 -0.20352
0.403287 -0.235632
0.209739 -0.570401
-0.369115 -0.606504
-0.473152 -0.330562
-0.323398 -0.145321
0.125952 0.425111
-0.361456 -0.248803
-0.73221 -0.17159
0.330245 0.732232
-0.510098 0.189294
-0.394492 0.822555
0.0377149 -0.0830156
0.228444 0.0460675
0.323266 0.540689
-0.263119 0.437169
0.541856 0.332133
0.401731 -0.77241
0.205028 0.607178
-0.2866 0.132269
-0.284431 -0.831073
0.0739458 -0.286802
0.342967 -0.529287
0.115885 -0.545902
-0.387987 -0.852735
0.549677 0.285735
0.281098 -0.670692
0.196528 -0.40023
0.258296 -0.321507
0.0278795 -0.107216
0.239881 -0.174304
0.27171 -0.161453
0.489215 -0.319292
-0.566514 0.311788
-0.0267278 0.0454386
0.729173 0.335254
-0.379589 -0.141317
0.287226 0.155964
-0.695353 0.211499
-0.228732 0.308763
-0.177028 0.241906
0.766422 -0.210273
0.763351 -0.230856
0.351388 0.814041
0.141118 -0.235428
-0.279407 0.363771
-0.361363 0.250233
-0.168572 -0.682704
-0.284977 0.075864
0.0571362 -0.357604
0.26503 -0.118314
0.313785 -0.184774
-0.0591873 0.0325819
0.587424 -0.173637
0.119461 -0.252493
-0.110306 -0.41084
0.142331 0.053738
0.377695 -0.898997
-0.0601611 0.0138447
0.373939 -0.551908
0.344255 0.690173
-0.534138 -0.225615
-0.129738 -0.187092
-0.323127 -0.101927
-0.630753 -0.364918
0.353813 -0.49368
0.786603 0.329512
-0.313419 0.759504
-0.38247 0.179538
0.837108 -0.34481
0.151797 0.369129
0.0486071 0.249001
-0.715522 -0.367373
-0.780691 0.389715
-0.389659 -0.0532701
-0.380866 -0.872342
0.422129 -0.279312
0.244944 -0.62912
-0.337176 0.237823
0.258261 -0.171943
-0.509164 0.287004
-0.628696 0.254
0.0548336 0.396111
0.211468 0.444859
-0.667718 -0.366053
0.556467 -0.211988
0.130181 0.371875
0.452468 -0.273333
0.123774 0.631382
0.179565 0.0967062
-0.404027 -0.233592
-0.278251 0.867233
0.728389 0.214786
-0.439496 -0.156691
-0.403888 0.738841
-0.352348 0.658078
-0.561741 -0.18161
0.250553 0.337364
0.157872 -0.0944437
-0.342545 0.253987
-0.0857685 -0.42271
0.0215675 -0.229025
0.1978 -0.691631
-0.28895 -0.191834
-0.162912 0.319836
0.279402 0.680285
-0.544031 -0.205213
-0.90748 0.387862
-0.241514 -0.556943
-0.787767 0.427252
0.115578 0.264205
-0.289244 -0.891157
-0.775837 -0.236462
-0.732262 -0.16633
0.264183 0.840447
0.630328 0.327718
0.124279 0.266179
-0.175477 0.374281
-0.278776 -0.0989845
0.903533 0.367469
-0.0846041 -0.326008
-0.283423 0.53517
-0.195983 0.617528
-0.692414 0.194856
-0.23326 0.564338
0.815968 0.310033
-0.118427 0.139407
-0.602702 -0.210443
-0.733982 0.392633
0.158069 0.72116
-0.160821 0.625645
0.627532 -0.292088
0.455198 -0.106949
-0.0368684 0.260786
0.822118 0.255952
0.15362 0.0932868
-0.795489 -0.319269
-0.214506 -0.577544
-0.205921 0.66189
0.0337966 -0.192589
0.0976986 -0.482181
0.112635 0.464144
0.166296 -0.0898004
0.448984 0.169041
-0.209053 0.465056
-0.154505 -0.505317
0.25974 -0.828202
0.618285 -0.135659
-0.21297 0.451973
-0.313435 0.865233
0.48152 -0.0908216
0.312582 0.500702
0.424174 0.085625
-0.318741 -0.038141
0.344959 -0.0914602
0.394762 0.807835
-0.239711 -0.504738
-0.401924 -0.820335
0.382731 0.110512
-0.754635 -0.273033
0.356982 0.520842
-0.329754 -0.772988
0.814401 0.208049
-0.390634 0.853515
0.575774 -0.29244
-0.408082 -0.782086
0.365876 0.589472
-0.420005 0.853149
-0.164165 0.00913883
-0.398265 -0.911044
0.879447 -0.304826
-0.30985 -0.571639
-0.086344 -0.25787
0.335292 0.890504
-0.152348 -0.430432
0.159295 -0.573295
0.295566 0.124427
-0.0607911 -0.237913
0.525692 -0.147464
-0.195369 -0.533204
0.773667 0.208533
-0.505093 0.108464
0.252611 -0.134505
0.389085 0.894588
0.315335 0.912721
0.220642 -0.0653159
-0.843424 0.36498
0.620003 -0.124062
-0.256124 -0.869728
-0.837655 0.277773
-0.29356 0.240705
0.101309 -0.111175
0.701387 -0.237696
-0.219172 0.173648
-0.0737 -0.477396
0.515631 0.321954
-0.37148 0.236157
-0.138991 0.430124
-0.36619 0.256123
0.399089 0.245895
-0.198138 0.539776
-0.0698286 0.336628
-0.368919 -0.0705255
0.125085 -0.622465
0.714863 0.330768
-0.123985 -0.334981
-0.275319 0.150985
-0.211345 0.0817611
0.780826 -0.194678
-0.33153 -0.45921
0.354435 -0.654032
-0.379016 -0.864261
0.829526 0.293531
0.326164 0.721966
0.164069 -0.654263
-0.180695 -0.601445
-0.273951 -0.681422
-0.239378 -0.43749
0.837573 -0.228613
0.333997 0.790024
-0.374231 -0.145281
0.647658 -0.146602
-0.488718 0.201732
0.419128 -0.274227
-0.0919713 0.299826
0.60438 0.178211
-0.516586 -0.0943241
0.112988 0.366889
-0.821693 0.265161
-0.20621 -0.636599
-0.247935 -0.143255
-0.389686 0.642929
-0.714944 0.212307
-0.171965 0.331337
-0.276584 0.0361994
-0.336847 -0.688335
-0.0564659 -0.352097
0.578874 0.189468
-0.149485 -0.280433
0.136167 0.332336
-0.719503 0.309215
0.669708 -0.163946
0.036517 -0.0726165
0.096359 0.0289955
0.618928 0.145054
-0.166007 -0.674752
-0.447718 0.0729743
0.319672 0.228646
0.85597 -0.301814
0.331167 -0.186017
-0.635748 -0.319162
0.382386 -0.68348
-0.303231 -0.434918
0.333733 -0.636398
0.734606 -0.159573
-0.0203626 -0.0982068
0.160717 -0.362798
-0.245411 0.33052
0.747534 0.379315
-0.0325095 0.167879
0.694061 -0.293695
0.39254 -0.149784
-0.349321 -0.535561
-0.473703 0.10049
0.600205 -0.211569
-0.0471561 0.396094
-0.108579 -0.175843
-0.55726 0.359328
0.559101 0.162165
0.112048 0.234903
-0.44163 -0.284012
-0.50369 0.208839
-0.0743728 -0.0204349
-0.379364 0.149341
0.524244 -0.353403
-0.15376 0.47496
-0.61586 0.150887
0.233739 0.291314
-0.0881018 0.0997073
0.330011 -0.770391
0.104466 0.403762
-0.249039 -0.185936
0.374882 -0.249816
-0.183703 -0.402328
0.298509 -0.232908
-0.795916 0.344188
0.03748 0.234667
-0.16005 0.325881
-0.147576 -0.232188
-0.842312 -0.339059
-0.668716 -0.351786
-0.659859 -0.250661
0.248505 -0.81169
0.400243 0.79526
-0.810614 0.354359
0.542128 0.367658
-0.0760505 -0.193064
0.59794 0.18084
0.573137 -0.200392
0.507395 -0.288912
0.437778 -0.2602
0.233738 0.130636
-0.900308 -0.331354
0.087108 0.397166
0.627412 0.151826
0.802465 0.316686
-0.0759405 -0.116271
-0.1343 -0.523766
-0.0337987 0.237346
0.300865 -0.445503
0.705936 -0.363718
0.200789 -0.457769
-0.467072 0.132215
0.656905 -0.402387
0.189798 0.41671
0.327511 0.151283
-0.804622 -0.316233
0.0964961 -0.013289
-0.228809 0.381623
-0.357672 -0.722837
-0.210335 0.351068
0.286188 -0.882327
-0.091867 -0.385039
0.035874 0.353889
-0.0862291 -0.476598
-0.313735 0.0472818
0.27943 0.629824
-0.878739 -0.338014
-0.548766 0.236671
-0.853099 0.274506
0.540082 0.372847
0.550719 -0.192221
-0.455929 0.323886
0.551071 0.180007
0.736677 0.416243
0.365705 -0.136335
0.036045 0.361901
-0.279759 0.575959
-0.880654 -0.393808
0.821685 0.258254
-0.292146 -0.490566
-0.536787 0.168422
-0.308698 0.476802
0.663975 -0.135388
0.31303 -0.492522
0.817886 0.377964
-0.332263 0.217208
0.414827 -0.151732
0.414304 -0.689942
0.0379064 -0.240653
0.832825 0.347861
0.246198 0.673995
-0.874952 0.341048
-0.624791 -0.197333
0.0526171 -0.186701
0.217094 -0.63692
-0.101069 0.00647702
-0.380468 -0.611707
0.440409 0.201746
-0.145661 0.420319
-0.318305 -0.10479
-0.79595 0.322912
-0.330772 -0.859413
0.0755466 0.0826362
0.340018 0.757171
0.0841323 -0.497088
0.818726 -0.297986
0.528978 -0.268337
-0.852097 -0.319336
-0.370415 0.733925
0.123103 0.168396
0.343985 0.563
-0.151594 0.539937
0.737528 -0.279776
-0.045856 0.090547
0.153093 -0.706518
-0.639583 -0.122359
-0.385082 -0.732684
0.449416 -0.30545
0.458394 -0.240237
0.522522 -0.141535
0.107675 0.246963
0.0980186 -0.19271
-0.605475 0.13818
-0.227073 -0.754686
0.311593 -0.776571
0.172677 0.644388
0.255952 0.185238
-0.142552 -0.40489
-0.631105 -0.239217
0.29236 -0.806854
-0.294292 0.0686585
0.664781 -0.282219
0.0901541 0.0243082
-0.740846 0.188369
0.518532 0.363546
-0.299538 0.635462
-0.306805 -0.708896
-0.321067 -0.132347
-0.221944 -0.380952
0.167007 -0.365541
-0.808394 0.298982
-0.636612 -0.11986
-0.349911 -0.607245
-0.109337 0.587192
-0.751766 0.280795
0.162895 -0.0734337
0.0960205 -0.572178
0.519774 -0.341143
-0.815732 0.294367
0.185334 0.248382
0.260635 -0.421078
0.204776 -0.361549
-0.191919 0.0564713
0.266326 0.419761
0.21045 0.114549
0.0954054 -0.511501
0.631373 -0.136954
0.0202751 0.273196
0.021676 -0.196256
-0.20784 0.12849
0.0843286 0.342535
0.616189 -0.321788
-0.594048 -0.32789
-0.549166 -0.340892
0.424272 0.166337
-0.139149 -0.688745
-0.178717 0.446603
0.101753 -0.570569
0.331974 -0.538856
-0.125021 0.572542
0.469371 0.172556
0.812346 0.380542
-0.137467 -0.173036
0.245547 -0.627837
0.0637821 -0.427594
-0.241283 -0.675752
-0.0999542 -0.199792
-0.29516 -0.779058
-0.267025 -0.676036
-0.464255 -0.0968274
-0.669225 -0.232027
0.679316 0.38576
0.359822 0.857802
0.294032 -0.827044
0.365033 -0.0556474
-0.709526 0.339996
0.795994 0.392235
-0.80485 0.235584
0.640757 -0.148677
-0.396378 0.702857
-0.316296 0.541528
0.697189 -0.386903
-0.817977 0.312412
0.738861 -0.358613
-0.625731 0.214355
-0.609954 0.337336
0.88228 -0.283488
-0.678953 0.340379
0.326371 0.770686
0.255488 -0.681214
-0.313325 -0.667269
-0.550866 0.333194
0.584918 0.297891
0.320451 0.258359
0.624677 -0.310175
-0.326196 -0.799149
-0.186305 0.615207
0.633916 -0.218387
0.221892 0.648541
0.250927 -0.611033
-0.459689 0.244688
0.286512 -0.131974
0.221894 0.0606842
0.447085 0.159914
0.846418 0.238689
-0.211903 -0.784077
0.342473 0.787686
-0.392073 -0.900144
-0.54727 -0.105018
0.15741 -0.105296
0.812127 0.354186
-0.694101 -0.41833
-0.0759812 -0.0545956
0.0598794 -0.419018
-0.362907 -0.653868
0.53641 -0.214004
-0.692352 -0.414891
0.334994 0.128872
-0.575415 0.0905089
-0.116687 -0.279266
0.0869662 0.295657
0.375801 0.651826
0.630702 0.280825
0.682286 0.418999
0.316096 -0.784852
-0.113721 -0.274314
0.761238 -0.420615
0.0760849 0.365015
0.643587 0.394195
-0.329391 0.0357838
-0.300535 0.804832
0.0432131 0.129624
0.267677 -0.0417221
0.55461 -0.307384
0.245927 0.109227
0.0766341 0.177433
0.85793 0.373624
0.358438 -0.820939
0.434356 -0.274604
-0.845053 0.36137
-0.798378 0.343585
-0.484913 -0.150457
-0.217742 -0.478082
0.272372 0.0910025
-0.340158 -0.48814
0.30484 0.193881
0.104501 -0.430148
-0.532896 0.152042
-0.307273 -0.200348
-0.293441 0.115025
-0.710575 -0.408028
-0.111353 0.122608
-0.397044 -0.243215
0.17447 0.23431
-0.267718 -0.522908
-0.210624 -0.110105
-0.0609414 -0.359109
-0.253365 -0.468031
0.282664 -0.671919
-0.112126 -0.380188
0.627802 0.26768
0.608474 -0.140398
0.251382 0.505356
-0.356188 0.237749
-0.535626 -0.179034
-0.388117 0.679004
-0.592268 0.26181
0.317083 0.545046
0.262959 0.416661
-0.113767 -0.356433
0.189213 0.704831
-0.471395 0.284274
-0.176329 0.205112
0.657731 -0.320722
0.407637 0.162001
0.732521 0.407354
0.394 0.0801084
0.553697 -0.18504
0.128849 -0.598186
-0.499168 0.349288
0.0683099 -0.304188
0.307909 0.458508
0.0546297 0.45331
-0.695505 0.280161
0.621718 0.12715
0.462762 0.140287
0.0863926 0.100373
-0.115823 -0.520458
0.416058 0.877876
-0.136855 -0.614829
0.371019 -0.83872
0.4455 0.160378
0.652189 0.188227
-0.585737 -0.261501
0.41125 0.785172
-0.148431 -0.522279
0.325607 -0.889699
0.375943 -0.0895539
0.276247 -0.353893
0.220001 0.176333
0.828917 0.355609
0.336129 -0.464632
0.341385 -0.697529
0.296579 -0.652456
0.0902127 -0.239172
0.352859 0.749814
-0.435211 0.134614
-0.127278 0.576636
-0.17832 -0.38511
0.692346 -0.288727
0.27582 -0.0817142
0.218743 0.768446
0.303316 0.569308
-0.764005 0.233688
-0.402799 0.818475
0.206329 0.14194
0.176748 0.49044
0.352462 0.061012
-0.461397 0.24991
-0.480953 0.100008
0.301699 0.901165
-0.515122 -0.29161
0.0661458 0.334613
-0.257906 0.713131
0.416801 0.142366
-0.233408 0.808682
0.288376 -0.154125
-0.48123 0.165145
0.167652 -0.0117839
-0.299485 -0.751935
0.317078 0.86344
0.306315 -0.420327
0.490646 -0.111982
0.701057 -0.186729
0.835568 -0.261654
0.690462 -0.236025
-0.0840212 -0.504037
0.0966702 0.562256
-0.231857 0.10989
-0.884367 -0.385886
0.493959 -0.315618
0.0610299 -0.466779
-0.36583 0.672056
0.187206 0.644489
0.361737 -0.864246
0.342651 -0.16974
-0.354083 -0.166591
0.25149 0.539272
-0.374521 0.633862
-0.337172 -0.524315
-0.0832967 0.37284
0.676747 0.292054
-0.174028 0.635967
0.218639 -0.319528
0.0317862 -0.35098
0.032499 -0.12551
-0.777465 0.39509
0.663881 -0.264297
0.677139 0.199606
-0.205528 0.720117
-0.062169 -0.0905202
0.632891 -0.121931
-0.392431 0.719506
0.384736 0.799453
-0.414657 -0.86899
-0.365784 -0.551477
0.863878 -0.333917
0.307226 -0.119506
-0.109033 0.0345707
-0.114065 -0.19869
-0.0551625 0.348058
0.506838 -0.151756
0.268257 0.533945
0.0987697 0.150939
0.875088 -0.34587
0.0148668 0.132732
-0.163406 0.683413
0.100622 -0.535488
0.743625 -0.208502
0.063393 0.325595
0.165868 -0.659938
0.246008 -0.544928
0.117194 -0.270219
0.67084 -0.401753
-0.726963 0.241728
0.433115 -0.215239
-0.299959 -0.0332049
-0.337865 -0.627367
-0.132473 -0.233795
-0.333217 -0.656526
-0.205465 0.314084
0.0383358 -0.0898258
-0.170271 0.0717207
-0.134243 0.559722
-0.736357 0.328694
-0.0992774 0.149088
0.543224 0.237684
-0.732706 0.189853
0.301679 -0.0272547
0.296485 0.854656
-0.857548 0.395167
0.755283 0.27052
-0.167112 0.675853
0.79108 0.292341
-0.763125 -0.204148
-0.609634 0.275125
0.382739 -0.843776
-0.324543 0.137149
0.684643 0.373803
-0.590052 -0.30634
-0.618221 -0.119698
0.308614 0.0597115
-0.154118 0.546221
-0.230179 0.380155
-0.0892641 -0.3108
-0.314476 -0.472114
0.318506 0.508219
0.0722384 -0.189519
-0.739675 -0.347129
-0.54467 0.189819
-0.224168 -0.0261996
-0.682217 0.211824
0.595092 0.250068
-0.244613 0.629472
0.271503 -0.403311
-0.563131 0.28679
0.220023 0.0379837
0.215 -0.14157
0.790307 -0.345553
-0.257857 0.0817241
-0.0868425 0.393934
-0.527902 0.29557
0.66348 -0.202684
0.0136552 0.0449862
-0.279767 0.607592
0.272802 0.749188
0.813077 0.240662
-0.377365 0.614149
-0.798266 -0.396359
0.215403 -0.72185
0.228669 -0.423531
0.699288 -0.178635
-0.301708 -0.580318
-0.2622 0.086773
-0.839543 -0.412325
0.318567 0.814565
-0.271207 -0.737261
0.364292 0.248829
0.25091 0.501131
-0.492026 0.198627
-0.767653 -0.239347
0.047888 0.22199
-0.292194 -0.0367199
-0.117836 -0.0886986
-0.0543082 0.406561
-0.00712747 0.109487
-0.171398 0.644741
-0.19114 0.110777
-0.385285 -0.133532
0.329843 0.677191
0.696237 0.238566
-0.630325 0.215796
-0.11318 -0.423542
-0.357213 0.0417106
-0.23951 0.156017
0.281479 0.104248
0.242966 -0.437425
0.739715 -0.368152
-0.216716 0.687503
0.280007 0.619514
-0.855749 0.301858
-0.194339 -0.0722888
0.116118 0.445508
-0.527762 -0.167745
-0.0603039 0.229996
0.774199 0.354987
-0.00058429 -0.0270393
0.339566 -0.826567
-0.0451465 0.0354042
-0.352653 -0.863492
-0.154386 0.437906
-0.243059 -0.810719
-0.267497 -0.587627
-0.334424 0.73362
-0.689959 -0.143608
-0.14527 0.530024
-0.0947856 -0.189085
-0.296907 -0.657561
-0.299924 -0.752181
-0.062662 0.0893479
0.406906 -0.0486548
0.155992 -0.218316
-0.121446 -0.350345
-0.0886086 -0.338797
-0.251051 -0.445817
-0.141761 0.281805
-0.0406669 -0.321721
-0.795013 -0.398409
-0.305628 -0.751212
-0.217944 0.687616
-0.352708 0.908621
0.866323 0.363553
0.038445 0.163955
0.713805 0.259701
0.486453 0.215269
-0.145793 0.424408
-0.152391 -0.329001
0.844569 0.346115
-0.655941 0.239614
-0.726633 -0.404804
0.210773 0.461901
0.420211 0.834459
-0.250563 0.399927
-0.145719 0.465495
0.298631 0.868125
-0.280339 0.859906
0.200936 -0.267224
-0.489218 0.282563
-0.213458 -0.0147896
0.23415 -0.0392542
0.0872405 0.158622
0.383528 -0.802246
-0.330619 -0.513925
-0.28636 0.0683136
0.365817 0.106137
0.789108 0.198517
-0.166175 0.592561
0.13142 -0.535794
-0.0781388 -0.339916
-0.751283 0.410624
0.479018 0.185115
0.340553 -0.697963
-0.445738 -0.112159
0.561429 0.111111
-0.559149 0.257086
-0.134225 0.673284
-0.67959 -0.406695
-0.261585 0.203084
-0.523445 0.178444
0.89041 -0.386457
0.410698 0.189211
0.764967 -0.252348
-0.173288 -0.268504
-0.306987 -0.644373
-0.187533 -0.290038
-0.16417 -0.654883
0.0918741 0.132395
0.432705 -0.833639
0.0809587 -0.339177
0.373878 0.0839916
0.446936 0.217267
0.018502 0.0677326
0.209363 0.690656
-0.209887 -0.320067
0.440108 -0.0517938
0.802856 -0.201061
0.266281 0.646861
0.601539 -0.186622
0.77082 -0.362562
-0.27008 0.800798
-0.367531 0.208049
-0.294346 -0.501482
0.329541 0.19149
0.668521 0.130601
0.196657 -0.615742
0.108271 0.0873137
0.149939 -0.285517
-0.447261 -0.251959
-0.260958 0.494024
-0.553131 -0.277965
-0.116865 0.425834
0.349645 -0.0945019
0.0249517 -0.286484
0.512616 0.347268
0.127101 0.601802
-0.183262 -0.288869
-0.403592 0.118496
0.900741 -0.308403
0.614914 -0.366333
-0.63418 -0.178155
-0.569671 -0.214872
0.894528 -0.379093
0.370145 0.624822
-0.285687 -0.715738
0.384271 -0.0770018
-0.0844703 -0.368133
0.11792 0.504434
-0.215591 0.281469
0.109424 0.290572
-0.740072 0.332762
0.263302 -0.638511
-0.548521 0.286916
0.17048 -0.447313
0.315091 -0.425878
-0.0578288 -0.155743
-0.301963 0.0950051
0.280781 -0.75046
-0.136739 0.515544
-0.226836 0.602103
0.748834 -0.17741
-0.393602 0.102895
0.913648 -0.309936
-0.481307 0.25817
-0.68473 0.408474
0.730268 -0.186571
0.515434 0.127081
-0.336797 -0.923463
0.322522 0.489215
0.688557 -0.180072
-0.680693 0.23325
-0.601359 0.219894
0.230329 -0.492841
0.384162 -0.867735
0.502921 0.227585
0.0870512 0.546127
-0.152112 0.343661
0.791748 -0.196189
-0.587034 -0.323946
-0.65447 0.286466
0.127101 -0.241088
0.22232 -0.524568
-0.28512 -0.496689
0.329228 -0.863559
0.248642 -0.520737
0.0930576 0.0836113
-0.241822 -0.768274
-0.134049 -0.385059
0.516975 0.113115
0.150054 0.600972
0.233299 0.405013
-0.375924 -0.189882
0.462794 -0.237997
-0.187202 0.575502
0.0691087 0.439081
-0.320079 0.111765
0.127857 0.368584
-0.363935 -0.148104
-0.557999 0.0876702
-0.586056 -0.17199
-0.194294 -0.790024
0.171217 0.0270713
-0.0871703 -0.267478
-0.203003 0.251072
0.356588 -0.0341674
0.12937 0.235386
0.716875 0.235687
-0.44084 -0.197884
-0.0512492 0.238499
0.139322 -0.0792368
0.0551311 -0.431962
0.797511 0.409552
-0.275464 0.113824
-0.149021 -0.390249
0.668011 0.135426
0.16698 0.473624
-0.241206 0.513429
-0.235828 0.522525
0.294162 0.821771
-0.246138 0.638212
-0.0396802 0.0832276
0.0714529 0.388376
-0.0359541 0.00662455
0.198952 -0.606587
0.809192 -0.414754
0.649483 0.177549
0.127436 -0.627746
0.564215 0.382581
-0.788977 -0.258926
0.0327633 0.229142
0.630152 0.301008
-0.428669 0.163927
-0.448656 -0.325353
0.703827 0.182028
-0.367779 -0.655333
0.250182 -0.784735
-0.302826 0.496874
0.317524 0.849351
-0.424528 -0.839543
-0.204389 0.372058
-0.261155 0.586645
-0.662805 -0.239274
-0.253818 0.633724
-0.109822 0.37817
0.667404 0.329162
-0.866388 -0.310189
0.635659 0.339048
-0.592142 0.380842
-0.281051 -0.600878
-0.690729 -0.406534
0.242361 0.85194
-0.0128603 -0.142727
-0.3436 0.726434
0.0927035 0.0486349
0.460095 0.223196
-0.122795 0.447083
-0.343812 -0.10739
0.288906 0.481975
-0.190913 -0.497361
-0.236566 -0.499961
-0.337072 0.220006
0.328746 -0.593255
0.103027 -0.473559
0.502587 -0.270537
0.260859 -0.480381
0.143565 -0.237468
0.290166 0.0907093
-0.199436 0.436588
-0.265781 -0.793027
-0.269928 0.824771
-0.759827 0.431317
-0.325893 -0.473138
0.404272 -0.844253
0.126501 0.255399
0.29425 -0.624274
0.227475 0.347539
-0.521475 0.279563
0.546453 -0.108783
0.724091 0.204317
0.346057 0.552106
0.176603 0.219971
0.670284 0.313671
-0.24889 0.539841
0.286086 0.653137
-0.510393 0.0956982
-0.697957 0.384011
-0.593164 -0.13015
0.800721 -0.43274
-0.0525928 0.0141704
-0.350896 0.785652
-0.834227 0.262837
0.151916 0.376827
-0.163823 -0.133381
0.319409 -0.549172
-0.45658 -0.254004
-0.419522 0.814433
-0.281948 -0.588118
-0.543286 -0.354173
0.114565 -0.596081
0.027045 0.167134
-0.174563 0.703963
-0.213177 0.74764
-0.380605 0.213134
0.195899 -0.1625
0.297379 -0.719776
-0.145581 0.117846
0.233005 0.513985
0.0898627 0.133694
0.0785347 -0.349404
-0.403701 0.173361
-0.316506 0.562731
-0.0684286 0.0207188
0.341029 -0.677173
0.236491 0.746368
-0.259191 0.844907
0.833559 0.308325
0.194879 -0.11096
-0.139071 -0.233669
0.196075 0.373863
0.304507 -0.755852
-0.599927 -0.381091
0.88673 -0.328812
-0.199346 -0.438484
-0.133407 -0.236577
-0.403195 0.215587
-0.778096 -0.193187
0.518432 -0.106724
0.114207 -0.301514
0.317555 0.237759
-0.146777 0.095784
0.832382 -0.432488
-0.217986 0.821921
-0.0784321 0.129593
0.255106 0.0286198
-0.290025 0.742038
-0.111627 -0.185248
-0.576835 -0.170319
0.338167 -0.109377
-0.612225 0.173521
0.114637 -0.438181
-0.503163 -0.319306
-0.229544 0.0796385
0.261797 -0.665323
-0.294615 0.843248
0.400228 0.826639
-0.0409559 -0.087973
-0.68671 -0.185095
0.0806494 -0.150789
0.550946 0.294284
0.724104 0.291313
0.584002 -0.252229
0.228334 0.122244
0.0286056 -0.0342066
-0.465621 0.170022
-0.0238809 0.124752
0.86628 0.287996
0.0840449 -0.468347
0.147436 0.0797736
-0.114733 0.207207
0.520309 0.140109
-0.128629 -0.5879
0.245424 0.540752
0.776362 -0.216185
-0.37861 0.80377
0.146593 0.492982
0.361117 -0.7375
0.185751 0.129651
-0.429191 -0.269352
0.788584 0.264888
-0.344434 -0.251255
0.366552 -0.527977
-0.243375 0.606008
-0.357732 0.0983331
-0.11087 -0.215325
0.836355 0.291249
-0.138506 0.164088
-0.565227 -0.238152
-0.58727 0.275655
-0.356038 -0.0686481
0.32452 -0.118734
0.0311567 -0.252776
0.151283 0.62816
0.355374 0.684821
0.454519 -0.0599636
-0.401816 0.0553239
0.0387519 -0.259875
-0.843444 0.283878
0.13703 -0.531148
0.557765 -0.32153
-0.0197123 0.222357
-0.666866 0.147503
0.63688 -0.255738
-0.255345 -0.564244
-0.263902 0.538286
0.0985054 0.0653367
-0.582366 -0.231834
0.521544 -0.276193
0.381851 0.269296
-0.267736 0.784687
0.182091 -0.497435
-0.128665 0.0267181
0.384618 0.627063
0.250319 -0.406148
-0.154687 -0.11313
0.729936 0.429954
-0.0629473 -0.484785
0.104709 -0.447337
-0.300129 0.0742903
0.144434 -0.679826
-0.203682 0.707779
-0.135297 0.522516
0.501338 -0.184541
0.803103 -0.423306
0.130028 -0.11814
-0.242976 0.455201
0.110729 0.024461
-0.0674571 -0.365679
-0.210811 0.143288
-0.245115 0.0885836
0.419895 -0.818863
-0.482578 0.112389
-0.130461 0.470403
-0.280541 0.803159
-0.235454 -0.60114
0.81138 -0.249243
-0.431583 0.265366
-0.828988 -0.403004
-0.653975 0.395652
-0.213531 0.618882
0.0280099 0.178482
0.354293 0.776695
-0.148123 0.642448
-0.0188258 -0.0343823
0.609251 -0.135118
0.287916 0.381977
0.0404355 -0.384488
-0.124835 -0.658266
0.321366 0.909556
0.812214 0.36176
0.216394 0.308672
-0.35385 0.274424
0.16769 -0.710755
0.432276 -0.14387
-0.36201 -0.140826
-0.33765 0.0969383
-0.428106 -0.251453
0.0639928 0.204809
0.0443378 0.291855
0.538134 0.32537
0.155447 0.125357
0.652445 0.40654
-0.144413 0.249556
-0.491592 0.0896743
0.239226 0.572061
0.0826576 -0.403681
0.172304 -0.608795
0.251478 -0.334866
-0.0593782 0.189072
0.144141 -0.555277
0.0884123 0.417402
0.541944 0.0845137
-0.584503 0.20755
-0.0389494 -0.121414
0.345244 0.219771
0.422683 0.155238
0.365077 0.26322
0.281699 0.0652686
0.222322 -0.276829
0.413493 0.0522004
-0.325269 0.649703
0.559992 0.336714
-0.380687 -0.674951
-0.256818 0.561751
-0.303684 0.544609
-0.555343 0.223544
-0.14241 -0.37429
-0.390447 0.183678
0.314062 -0.513959
-0.462914 0.114218
0.37279 0.57033
-0.257184 -0.569523
-0.391436 -0.743634
-0.775694 -0.208156
0.00842127 -0.0703279
-0.120439 -0.356076
-0.624066 0.316139
-0.196861 -0.595822
-0.164007 0.589909
-0.212434 0.604414
-0.0787907 -0.131237
0.150639 -0.0728518
0.269806 0.184128
0.642445 -0.24615
0.347547 0.828601
-0.186104 0.604486
-0.133954 0.489518
-0.288914 -0.608313
-0.69625 -0.350154
0.245353 -0.341664
-0.532175 -0.281
-0.284355 -0.161547
0.749412 -0.377005
-0.0437299 -0.164076
-0.403816 0.849276
-0.611315 -0.289769
0.324111 -0.745003
0.408494 -0.8843
0.305318 -0.0343734
-0.275653 0.880883
0.529576 -0.298049
0.171747 0.0608849
-0.168568 -0.0828697
0.760188 -0.331325
0.150617 -0.296187
0.108277 0.0172316
0.181002 -0.431968
-0.229699 0.120013
0.0570567 -0.284585
0.373784 0.622704
-0.100782 -0.334337
-0.826468 0.365146
0.190576 0.397398
-0.244385 -0.827704
0.527467 0.171213
0.182713 -0.119115
-0.202192 -0.01544
0.0408116 0.137298
-0.372309 0.728492
0.335248 0.765349
-0.569315 -0.341307
-0.208992 -0.797723
-0.155312 -0.712876
0.176551 -0.617085
0.456477 0.31027
-0.763022 0.353023
-0.131203 0.344006
0.412639 0.705343
0.442216 0.0896733
-0.719505 0.200429
-0.039454 0.0210572
-0.544558 0.188407
0.756218 -0.318983
0.364327 0.852802
-0.160739 0.0395332
0.326479 -0.458586
-0.227047 -0.783836
-0.244841 -0.580402
-0.560876 0.232525
0.666392 0.285454
0.765649 -0.414426
0.412918 -0.246294
-0.824123 0.242384
-0.487564 -0.285504
-0.119516 0.467202
-0.1858 0.560944
-0.425779 0.822301
-0.211768 -0.495831
-0.250901 0.372021
-0.512488 -0.308735
-0.136134 -0.0537327
0.298471 0.772001
0.756851 -0.271672
-0.370569 -0.818845
-0.664209 -0.185533
-0.751025 -0.422255
0.723491 0.177709
0.235309 -0.623299
-0.778572 -0.260294
0.0107582 0.102591
0.140341 -0.228986
-0.261007 -0.638967
0.348152 0.663471
-0.75971 -0.25304
0.289154 -0.653496
0.110442 -0.0901916
0.761036 0.229282
0.738719 -0.40651
0.38024 0.882752
0.103269 -0.317076
-0.288677 -0.180901
0.34836 0.593243
0.36444 0.0642464
0.200875 0.551812
-0.498454 -0.304447
0.373347 -0.146815
0.576356 -0.363818
-0.071773 -0.1336
0.10049 -0.460489
-0.164161 -0.237772
-0.323585 -0.755969
0.446507 0.247282
-0.166851 -0.273267
0.264529 -0.765854
-0.130146 0.301287
-0.602171 -0.329598
0.16091 0.653398
0.311502 0.0477559
-0.0776772 -0.457441
0.40452 0.15308
-0.629999 0.143263
0.338031 -0.834645
-0.0366607 -0.101364
-0.636908 -0.254198
0.272174 -0.0781307
-0.0282223 -0.100226
-0.227187 -0.655478
0.179623 0.0621061
0.627472 -0.125671
0.439931 -0.119247
0.661949 -0.347167
0.422982 0.277694
-0.904062 -0.345536
-0.593067 0.349135
0.048567 0.344698
-0.0983084 0.310951
0.303686 -0.0556943
0.183154 -0.762631
-0.412424 0.281863
-0.192397 -0.603908
0.308298 -0.652511
-0.417483 -0.154982
-0.266609 -0.530146
0.0139118 0.191242
0.490701 0.299041
0.623932 0.159727
0.234634 0.82624
0.258537 -0.503837
0.323203 0.490682
0.404007 -0.146153
0.233803 -0.782342
0.431269 -0.103545
-0.140411 -0.697613
0.0563132 0.241063
-0.352232 -0.837282
0.49605 -0.273856
-0.507406 -0.276008
0.256997 -0.340915
0.38031 0.825789
0.861936 0.296486
-0.569485 -0.239959
-0.298127 0.101343
-0.338797 -0.744668
0.330139 0.81653
-0.194612 -0.756419
-0.648249 0.355117
0.824609 -0.374468
-0.383037 0.662133
0.692102 0.291188
0.396615 0.666228
-0.407972 0.10915
-0.20581 0.461765
0.168585 0.678211
-0.451608 0.18699
-0.810442 -0.388457
0.504964 -0.105681
-0.228534 0.600124
-0.477551 -0.0654736
0.327946 -0.913932
-0.190988 0.749333
-0.617455 0.279059
-0.238028 0.313469
-0.21759 0.734888
-0.746664 -0.31989
-0.0717742 0.0439612
-0.370669 0.0740029
0.321477 -0.693857
0.242954 0.737621
0.549529 -0.201159
-0.149615 -0.173706
0.411673 -0.760037
0.323308 -0.767451
0.843784 -0.393364
-0.651185 -0.270283
0.520838 -0.350733
-0.808832 0.37522
-0.385383 0.826785
0.169127 0.221325
0.839964 -0.288274
-0.361814 0.680926
0.348302 0.497747
-0.335027 -0.175314
-0.628589 0.207004
0.266351 -0.0748574
-0.189995 -0.249898
0.34598 0.719322
0.0844169 -0.255046
0.310263 -0.51033
0.585812 -0.17247
-0.644158 -0.1386
-0.670095 -0.372939
-0.640526 0.118648
-0.206025 -0.10457
-0.459082 -0.187356
0.51605 -0.297574
-0.0910246 -0.346062
0.30269 -0.210133
0.235941 0.427166
0.915564 0.374871
0.0433505 -0.345828
-0.136092 0.667721
-0.85052 -0.298743
-0.375162 -0.205115
-0.172051 0.0831606
0.629223 0.271181
0.428872 -0.161365
0.529974 0.360586
0.263632 0.0942246
0.300878 -0.767657
0.134256 0.345571
0.278828 0.403516
-0.520193 0.281898
0.195546 -0.481689
-0.064578 -0.209757
-0.284749 -0.194608
0.240631 0.708591
0.394911 -0.272103
0.186911 0.737311
-0.127677 0.640383
0.385256 -0.212286
-0.164957 0.129592
0.260919 0.488013
0.734903 -0.425528
0.241504 -0.102333
0.605825 0.10239
-0.169313 0.358012
-0.298665 0.752768
0.0703921 0.403381
0.245211 0.848462
-0.206349 -0.35642
0.36317 -0.554871
-0.156691 -0.177485
-0.183689 0.145708
0.629381 -0.129891
-0.668185 0.258002
-0.287543 -0.632011
-0.27707 0.389869
-0.0348897 -0.231272
-0.540716 0.101791
0.669613 0.1995
-0.705438 -0.386869
-0.0934903 0.455642
0.213414 -0.281205
0.533951 -0.27338
0.286584 0.393185
0.577982 -0.33775
-0.285853 0.723402
0.302968 0.411784
0.0438112 -0.286365
-0.739342 -0.390961
0.493444 0.108678
0.30779 -0.467417
0.641781 -0.296452
-0.367745 -0.195314
0.194031 0.556453
0.232654 -0.602923
0.387937 -0.898694
0.316245 -0.842205
0.0740688 -0.0989944
-0.85534 0.326413
-0.542043 0.162437
0.349339 0.900875
-0.100074 0.471855
0.253801 0.670432
-0.269973 -0.538406
0.214255 0.0888756
0.111432 0.0444016
0.516347 0.161561
-0.577853 -0.233873
0.283936 0.213382
-0.00462703 0.0172596
0.144866 0.26856
0.413389 0.776089
0.829456 -0.293108
-0.805175 -0.319336
0.798402 0.368091
-0.0282191 0.139644
-0.0718031 -0.401213
-0.151652 -0.372137
0.2485 -0.417385
-0.745364 0.392147
0.847804 0.351585
0.058294 -0.00325691
0.325374 0.197669
-0.129604 0.231251
0.22312 0.485457
0.46796 0.12898
0.362875 0.676616
0.208634 -0.476263
0.284339 -0.089981
0.87539 0.395437
0.399173 0.667778
-0.387015 -0.819408
0.41772 -0.120397
0.157568 -0.307655
0.422603 -0.185319
-0.102811 0.446462
0.531085 0.30187
0.508385 -0.111282
-0.101109 0.0658588
0.143399 0.58094
0.876337 0.282073
-0.280598 -0.182119
0.203277 -0.446146
-0.524014 0.238034
0.53294 -0.319382
0.353333 0.891271
0.208028 -0.584037
-0.323005 -0.449352
-0.243452 -0.441927
-0.54016 -0.192762
0.317597 0.0281159
0.846273 0.260715
-0.240359 -0.438037
-0.764696 0.29074
0.232396 -0.729588
-0.452076 -0.269007
0.18466 0.767397
0.468745 0.264452
-0.148355 -0.208289
-0.179307 -0.720296
0.143969 -0.386875
0.30801 0.604396
-0.441332 0.267184
-0.150933 -0.316106
0.781469 -0.212608
-0.703093 -0.299769
0.232285 -0.563484
-0.738535 -0.205701
-0.196566 0.100061
-0.191087 0.0736288
0.395773 -0.0995584
-0.162632 0.0842722
-0.77152 -0.207934
-0.0660814 -0.263454
0.182075 0.59071
0.116226 0.548613
-0.323144 -0.514706
-0.301955 0.782313
0.304492 0.842932
-0.55359 0.231252
0.48597 -0.149588
0.0190296 0.00677696
0.0672878 -0.0839424
-0.129593 -0.384384
0.165887 -0.0853351
0.689291 0.24086
-0.151536 0.407127
0.299897 -0.625811
0.780114 -0.374404
-0.322371 0.824259
-0.113813 -0.149337
-0.477775 0.220416
-0.710408 -0.310503
-0.373166 0.171645
0.218908 0.653402
0.348869 -0.095928
-0.362237 -0.205312
-0.350183 -0.153283
-0.854447 0.30881
-0.526867 0.151744
-0.17554 -0.396387
-0.0130125 0.00856726
-0.0594823 -0.471309
-0.255299 0.12459
0.150311 -0.62876
0.821418 -0.307821
0.606322 0.202561
-0.190226 -0.664759
-0.597401 0.281235
-0.905706 0.305832
0.760293 -0.404474
-0.631418 -0.261678
-0.278317 -0.686979
-0.424685 -0.843765
0.10991 -0.15688
-0.0800283 0.40688
0.166481 -0.663562
-0.131346 0.0750971
0.411221 0.755868
0.139733 0.421936
-0.183855 0.357401
0.411998 0.158288
0.192683 0.590757
0.461726 0.287554
0.0955136 0.311119
0.741209 -0.327992
-0.251936 0.473957
0.907358 -0.37925
-0.450657 -0.255343
0.263006 0.45517
0.565848 0.336846
0.0961012 0.317628
0.715233 -0.293087
0.625237 -0.376581
-0.69147 0.174287
0.865182 -0.383444
0.354841 -0.0644927
0.193716 0.457667
-0.340502 0.711719
0.273518 -0.720711
0.429952 -0.14044
-0.305049 0.691937
-0.729244 0.283827
-0.271981 -0.385445
-0.370165 0.259768
0.699412 -0.390547
-0.0735125 -0.341232
-0.520934 -0.27824
0.278271 -0.675625
-0.852544 0.39697
-0.296607 0.616431
-0.346375 0.710665
-0.773744 0.315939
-0.658912 -0.137439
0.871915 0.36629
0.256695 -0.510676
0.413746 -0.719038
0.852188 0.296583
0.592689 0.148956
-0.330006 -0.734707
-0.281314 0.551541
-0.156182 0.61869
-0.353864 -0.0760467
0.324369 -0.842217
0.557315 0.302301
-0.399882 0.819099
0.464586 -0.236632
0.492299 0.0646314
0.0398872 0.181502
0.782118 -0.387106
-0.302943 -0.737856
-0.471439 -0.22101
0.701531 -0.402528
0.477357 0.128342
-0.128144 -0.664652
-0.840155 -0.281472
-0.619563 0.121442
0.411206 0.227996
0.437183 -0.0548068
-0.824458 -0.30591
0.376061 0.744884
0.863863 0.389103
0.230034 0.142507
0.0476514 0.256192
0.327494 0.117487
0.855097 0.251783
0.781541 0.400759
0.410563 -0.719766
-0.0987208 -0.566336
-0.310287 -0.532863
0.16187 -0.391128
-0.641273 -0.332385
-0.0456562 -0.140613
-0.853988 -0.352802
0.187998 -0.318281
0.36803 -0.907891
0.13759 0.607594
0.0695411 -0.245846
-0.277745 0.605241
-0.688654 -0.165262
-0.643133 0.157942
0.164073 -0.579658
0.406205 -0.226152
0.884778 -0.276773
0.189813 -0.674716
-0.224694 -0.0786169
-0.0409182 0.13071
-0.230794 -0.716278
0.411517 -0.186565
0.316031 0.478661
-0.174737 0.228348
0.0924023 -0.163589
-0.30262 -0.705298
0.218377 -0.589414
0.203735 0.360864
-0.373681 -0.772179
-0.194284 -0.0185221
0.31801 0.624058
-0.242435 0.40533
0.10009 0.568377
-0.0978768 -0.308068
0.53165 -0.334682
-0.746325 -0.42036
-0.131059 0.113839
-0.136558 -0.59329
-0.60093 0.230622
0.753341 -0.193146
0.0200609 -0.119018
-0.645937 0.217227
0.282619 0.719587
-0.244825 0.562054
-0.245146 0.824124
0.230746 0.656044
-0.617544 0.398302
-0.336572 0.121304
0.415405 -0.747605
0.807003 0.326814
-0.136811 -0.401466
-0.173632 -0.363719
0.00441897 0.035671
0.442179 -0.195492
-0.150493 0.593353
-0.407631 0.639827
0.729598 0.29597
0.26241 0.792381
0.204623 0.575742
-0.717681 -0.153044
0.272565 0.398261
0.183612 -0.773345
-0.133801 -0.101666
-0.148408 -0.0427642
0.0807953 -0.401694
-0.15117 -0.632438
-0.569817 0.340824
0.854777 -0.307311
-0.116405 0.0594245
0.0234186 -0.0937145
-0.280828 -0.428435
0.14349 -0.319298
0.411449 0.802483
0.570992 -0.203859
0.373302 0.12775
-0.0938004 -0.366259
0.384865 0.755353
0.813539 -0.26986
0.609573 -0.213065
-0.209545 0.59574
0.251664 -0.112629
-0.136926 0.162223
-0.247088 0.161171
-0.116799 -0.611092
0.736645 -0.18174
-0.337391 -0.181691
-0.379974 -0.191581
0.579303 0.253808
-0.494406 -0.224543
-0.507258 0.339836
0.716996 -0.333896
0.115875 -0.457216
-0.160165 0.286709
-0.281634 -0.410554
0.122267 0.444466
0.118123 0.553886
0.686729 -0.392411
0.0290076 -0.290105
-0.36949 0.828673
-0.199074 -0.10989
0.233849 -0.653905
-0.510958 0.264487
0.383809 0.100283
0.0560492 0.348026
0.207448 -0.44019
0.432464 -0.0618921
-0.23577 0.832885
0.324357 -0.69205
-0.707747 -0.393666
0.648864 0.407505
0.0975863 -0.531515
-0.356831 0.816077
-0.223523 0.163439
0.163543 0.50847
-0.346111 -0.18
-0.103018 -0.491465
0.738971 0.291447
0.361273 -0.649499
-0.127482 0.312319
0.329755 0.513941
0.254224 -0.318235
0.0571104 0.250388
-0.713708 -0.375981
0.365642 0.578344
-0.132783 -0.676141
-0.331984 0.82068
0.322999 0.0343741
-0.556852 -0.234555
-0.637313 -0.385564
-0.2711 0.741832
-0.28587 -0.830909
-0.353445 0.251674
0.148406 -0.6024
-0.623519 0.196186
-0.369427 -0.0981611
0.265205 -0.602243
-0.669461 0.387165
-0.772603 0.326697
-0.754862 0.351256
-0.224258 0.305199
0.179558 -0.626917
-0.435197 -0.23443
0.105086 -0.383311
0.237107 0.743732
0.34617 0.752115
0.0920074 0.524011
0.621548 -0.191801
-0.514211 -0.33575
0.30282 0.0582676
-0.902381 -0.307018
0.0591685 0.282022
-0.586503 -0.104862
0.313365 -0.48118
-0.230032 0.431747
0.877455 -0.350229
-0.395558 0.12222
0.30028 -0.111065
0.309535 -0.738443
0.231811 0.0324435
0.373809 -0.276062
-0.228985 0.0858628
0.775074 0.24284
0.713239 0.295685
0.75449 0.235297
-0.101244 0.310137
-0.216507 0.0132677
0.887863 0.315293
-0.57992 -0.248305
-0.366975 -0.0903583
-0.709947 0.197706
-0.137597 -0.254446
0.325569 0.494192
-0.368672 0.549546
0.329601 -0.641403
-0.173959 0.435623
0.530806 0.243218
-0.742677 0.397061
0.202408 0.170906
0.422757 -0.87758
-0.337862 0.0981364
0.314693 -0.147841
0.358085 -0.915102
-0.251405 -0.4239
-0.234018 0.368402
0.350997 0.0841777
0.17929 0.714373
0.386492 -0.864189
0.286418 -0.0443001
0.605108 -0.144072
0.319159 0.771729
0.260968 -0.1088
0.338445 -0.248292
0.367026 -0.545063
0.567584 -0.17373
0.70674 0.394969
-0.825647 0.237682
-0.546334 -0.158716
-0.11628 -0.0950212
0.225618 0.368224
0.17865 0.767885
0.280365 -0.737807
0.335854 -0.846105
0.695396 0.214019
-0.134993 0.396341
0.194051 -0.678672
-0.504893 0.0883133
0.254369 -0.128678
0.212509 0.150612
0.886078 0.412392
0.508171 0.191999
0.27068 0.552039
0.20829 -0.751174
0.493403 0.193799
-0.587149 -0.152682
-0.902868 0.359885
-0.658056 -0.234198
-0.376298 0.80926
-0.0860515 0.0926387
-0.305072 -0.711954
0.144483 0.186409
-0.819755 0.226056
-0.685052 -0.374913
-0.205552 0.173706
0.08807 -0.410771
-0.7059 -0.175563
-0.243201 -0.835744
0.0721887 -0.503639
0.0139625 -0.139962
-0.183198 -0.457166
0.37542 0.876027
0.325785 -0.151343
-0.195441 -0.357292
-0.345017 -0.194881
0.0777905 0.434718
-0.0953791 -0.500639
-0.295564 -0.887551
-0.154543 -0.185901
0.412963 -0.760315
0.136685 -0.517419
-0.585374 -0.306769
-0.554517 0.286191
-0.38581 0.759578
0.128892 0.0500641
-0.0850364 0.288583
-0.4981 -0.246598
0.138382 -0.661688
-0.784233 -0.239101
0.43685 0.265369
0.159848 -0.709718
0.581706 -0.170883
-0.483065 0.346697
0.643331 -0.203672
-0.30272 0.567679
0.779661 -0.343271
-0.564667 -0.234795
0.208143 -0.158589
0.119861 -0.632754
0.765185 0.402035
0.433657 -0.297571
0.425238 0.72636
0.777771 0.345485
0.361165 0.240388
0.36939 0.157957
0.31729 -0.2324
-0.312832 -0.847137
0.033524 0.0409351
0.152175 -0.510811
-0.536871 -0.283628
-0.610122 0.300144
-0.242244 0.428535
0.180917 -0.494874
0.31884 0.866241
-0.849337 -0.369825
0.202898 -0.569774
-0.00312634 -0.0762775
-0.259971 -0.124759
-0.310669 -0.536396
0.567587 -0.2498
0.10794 0.227061
-0.125821 0.462301
-0.515448 0.149901
0.164988 -0.215955
-0.316279 0.131581
0.245551 0.171857
-0.481224 0.154824
-0.736249 -0.198361
0.51623 -0.17052
0.262993 -0.438974
0.103809 -0.143642
0.267722 0.158771
-0.0873327 -0.390329
-0.079245 -0.0910892
-0.381041 0.167557
-0.280192 0.0340135
0.92304 -0.347717
0.252352 0.0693603
0.897013 -0.298122
0.551615 0.300243
-0.403514 0.63276
0.819741 -0.371092
0.237322 -0.532537
0.207053 0.779935
0.577432 -0.155742
-0.393086 -0.697101
-0.211233 0.0267369
-0.854393 0.334704
-0.622082 0.265372
0.465547 0.261082
-0.391518 -0.73579
-0.750302 -0.191116
0.49512 0.232282
-0.10416 -0.528376
-0.27428 -0.773422
0.192145 0.478071
0.895976 -0.402035
0.618814 0.261559
-0.648291 0.128312
0.25355 -0.059413
0.105029 -0.551437
-0.663605 -0.38411
-0.310151 0.43186
-0.0888079 -0.219864
0.326957 0.557329
0.344366 0.577682
0.102434 0.285511
0.336128 0.754533
0.155386 -0.461188
0.23085 0.540591
0.365531 0.767319
-0.186211 0.511383
-0.0596034 0.0508094
-0.580742 -0.183882
-0.23327 0.659172
0.1146 -0.471593
-0.756359 -0.186674
-0.68626 -0.206065
-0.327281 0.0956056
-0.23979 0.805731
0.333763 -0.637835
0.407907 -0.102678
-0.20545 -0.501571
0.818994 0.225626
0.24196 0.111406
0.570449 -0.34926
-0.575839 -0.150405
0.310413 -0.909936
-0.17831 0.39754
0.286304 -0.827005
0.168361 0.461743
-0.803069 0.251444
0.251847 -0.0331992
-0.28872 -0.787261
-0.531017 0.155406
0.365639 0.74877
0.349958 -0.834018
-0.483688 -0.263783
0.0299348 -0.228391
0.794022 -0.407088
-0.0702456 0.31526
0.449803 0.185117
0.0523434 0.446543
0.362709 0.0638636
0.0655866 0.388149
0.0162171 0.0759695
-0.305729 -0.874228
-0.721483 0.312359
-0.465962 0.321397
-0.248115 0.360998
-0.451334 0.0689734
-0.894138 -0.356798
-0.0105537 -0.102323
-0.615135 -0.340929
0.274835 0.879162
-0.31901 -0.694557
0.38949 -0.90543
0.616828 -0.126829
0.0672974 0.255538
0.420229 -0.169493
-0.0723342 0.0579014
-0.416074 -0.709679
-0.342646 0.874505
0.310326 0.241894
-0.261553 -0.867415
0.143207 0.0392273
0.400002 -0.262153
-0.254248 -0.111522
-0.206906 -0.564798
-0.438892 -0.214022
-0.192197 0.574941
0.376937 0.215146
0.407749 0.76673
0.0626703 -0.361584
0.33812 0.857402
0.387374 0.810615
-0.4186 -0.0686474
0.420002 -0.79495
0.135576 -0.4164
-0.390378 0.0586714
-0.145191 -0.694531
-0.352764 0.699177
0.090023 0.00880666
0.580918 0.335688
-0.309197 -0.157454
-0.0643693 0.32673
-0.170332 -0.573438
-0.702617 -0.1679
0.270125 -0.630472
-0.231579 0.515223
-0.532328 -0.355719
0.076859 0.228636
-0.397187 -0.717558
-0.399779 -0.759402
0.172159 0.131598
0.783742 0.30445
0.334266 -0.7244
-0.434102 -0.264474
-0.00125726 0.0207734
0.256563 -0.138754
-0.0111362 0.0399638
0.752143 0.39052
0.0242801 -0.0539744
0.62723 -0.140334
-0.125806 0.184745
0.344526 -0.242701
0.612504 0.206072
-0.191621 0.397805
-0.306365 -0.45419
-0.133294 0.318968
0.385535 0.63679
0.268594 0.863361
0.0531807 0.0559529
0.179234 -0.155398
0.454622 -0.227309
-0.638013 0.337296
0.380271 0.12434
-0.759917 0.393163
0.483617 0.133757
0.345278 -0.537654
0.755677 -0.39134
-0.314925 0.746136
-0.464981 0.210292
0.47419 0.15813
0.255659 0.722791
-0.851775 0.300506
-0.233588 0.564974
-0.754116 0.17885
0.312725 -0.486282
-0.276353 -0.402978
-0.162891 -0.548031
-0.368718 0.864854
0.204245 0.168476
-0.474615 -0.223777
0.237202 0.769844
-0.340225 0.487465
-0.412622 0.866266
0.181388 -0.517375
0.0272188 0.0471833
0.882809 0.414093
-0.490028 -0.188311
-0.584108 0.232743
-0.514787 0.117731
0.241847 0.313825
0.157413 0.70284
0.50181 -0.269669
-0.227337 -0.355229
-0.622801 -0.323184
-0.446343 0.257832
0.0591369 -0.0413375
0.325618 -0.904194
0.702714 -0.311212
0.8816 0.310037
0.5852 -0.162698
-0.372758 0.881693
0.721997 0.165996
-0.707613 0.352913
0.0300218 0.0828272
-0.439682 0.120721
-0.0691423 0.422702
-0.159193 0.402669
0.273488 -0.51556
-0.0517541 0.0656034
0.435123 -0.245972
0.160986 -0.641333
-0.678316 0.258007
0.16148 0.0935856
0.18808 0.440281
-0.192844 -0.546782
0.368696 0.858772
-0.00533067 0.0676554
-0.19994 -0.544029
0.39335 -0.0830583
-0.679786 0.208288
0.107866 -0.278507
-0.64197 0.144711
0.152267 -0.0742434
-0.86493 0.421647
0.845747 0.41816
-0.256604 -0.378986
0.629073 0.132115
-0.201013 -0.279501
0.108801 -0.335486
0.0339439 0.138629
-0.405159 0.669545
0.192983 0.520075
0.260487 0.810109
0.197488 0.326364
-0.036765 0.279284
-0.132101 -0.0919782
-0.497842 0.32381
0.298672 0.625034
-0.445137 -0.299427
-0.324304 0.198862
0.336292 -0.61083
0.139402 -0.187424
-0.26095 0.603637
-0.143887 -0.574365
-0.188071 0.350238
-0.10936 -0.447146
0.156367 0.257727
-0.323397 0.892268
-0.297087 0.16378
0.31519 -0.63266
0.3414 0.246213
-0.066569 0.111527
-0.304566 0.400895
-0.044835 -0.156998
0.610486 -0.236053
-0.16844 0.698623
0.544203 0.141742
-0.675993 0.258017
-0.230285 -0.369421
-0.384622 0.240579
0.0656248 -0.306394
0.457963 0.195646
0.74154 -0.204265
-0.0249328 0.205761
0.125632 -0.292527
-0.518464 0.316462
-0.340279 -0.7603
0.234799 -0.510676
0.534253 -0.295611
0.166092 -0.295503
0.537056 0.125737
0.294655 0.448765
0.498661 -0.325032
0.225378 -0.52179
0.292421 -0.868914
-0.164536 0.0218512
-0.233658 0.836801
-0.24509 0.47145
0.149977 0.365187
-0.387761 -0.887032
-0.138313 0.677927
-0.256006 0.555847
-0.695937 0.18696
-0.300611 -0.603227
0.486215 0.0826458
-0.630189 -0.111689
0.193366 0.47385
-0.591626 -0.18642
0.61032 -0.112567
-0.775153 -0.391979
-0.588782 0.291053
-0.73228 0.39888
-0.124606 -0.620666
0.412182 -0.155854
0.172425 -0.510183
0.234191 0.44217
-0.855777 0.375191
-0.722258 0.425866
0.825997 -0.324774
-0.139061 -0.379248
0.283942 -0.721316
-0.263643 0.410905
-0.293872 0.750768
-0.12474 -0.0923344
-0.305809 0.0528308
-0.594937 0.114852
-0.242894 -0.488168
0.0999795 0.259423
0.0267669 0.275882
-0.793205 0.358561
0.178939 -0.565507
-0.635516 0.245801
-0.323321 0.627416
0.50037 0.0906182
0.266374 -0.678835
0.312112 -0.600459
-0.0958993 -0.119634
-0.780895 -0.389254
0.373238 0.0615924
-0.295731 -0.692582
0.183641 -0.632961
0.799263 0.204116
-0.0357628 -0.01034
-0.358276 0.189107
-0.598177 0.309976
0.320748 -0.474212
-0.513378 0.346163
0.145107 0.162142
0.304484 0.420246
-0.115079 -0.549897
-0.361562 -0.141058
-0.232497 0.771264
0.607764 -0.294544
-0.23926 -0.481111
-0.5621 -0.155519
0.847582 -0.260175
0.229531 -0.623821
-0.673509 0.224628
0.726775 -0.178606
0.25428 0.615724
-0.865519 -0.289786
0.846308 0.344459
0.315867 -0.646611
0.814616 0.35794
-0.449823 -0.329834
0.872006 0.365262
-0.747933 0.281144
-0.253592 -0.848458
-0.831068 -0.307438
0.229202 0.710913
-0.329898 0.117507
-0.690835 0.346533
-0.100018 0.14992
-0.271611 -0.55498
-0.685411 0.271909
-0.747333 0.277012
0.153848 -0.393196
0.265515 -0.166046
0.729982 -0.15727
0.525464 0.263108
-0.0571646 0.139589
-0.556835 0.30832
0.336325 0.545831
-0.139461 0.165705
-0.201346 -0.4807
0.221622 0.521941
0.602452 0.263154
0.376548 -0.897713
0.41603 0.126764
-0.53764 0.346507
0.232819 -0.590164
0.508447 -0.287288
0.873673 0.276615
-0.185109 0.74392
-0.341801 -0.0963929
0.219943 0.0468149
-0.401085 0.119158
-0.438937 -0.0622597
-0.640892 0.286304
-0.407704 0.684654
0.0569941 0.214083
-0.064604 -0.279963
0.240254 -0.816763
-0.0736714 0.155342
0.259371 0.677566
0.274115 -0.754277
0.220938 0.161657
-0.30797 -0.195442
0.391541 -0.0830517
0.334151 -0.488373
-0.723509 0.211086
0.576281 0.104175
0.678474 -0.325841
0.22559 -0.294108
-0.161604 0.129476
-0.278161 0.17243
0.645907 0.404941
-0.190146 0.432201
-0.255737 -0.810608
-0.148441 0.179843
0.327795 -0.876011
0.105222 -0.0554688
0.394051 -0.110422
-0.193388 -0.532493
0.115187 0.185813
0.0984248 -0.391874
0.0169266 -0.0550843
0.55492 -0.305501
-0.100435 -0.427991
0.770373 0.232089
-0.358855 0.646601
-0.3763 -0.565994
-0.835847 -0.417156
-0.687094 0.254702
0.504307 -0.120561
-0.0713354 0.172011
-0.711823 -0.424829
0.307965 -0.508176
0.402396 -0.215322
-0.276811 0.503664
-0.27747 -0.363535
0.299551 -0.623804
-0.0204558 0.122272
0.685055 -0.161625
-0.798575 0.247496
-0.358893 0.80862
0.300437 0.798515
0.341187 0.0436969
0.189912 -0.069348
0.174749 -0.221118
0.430244 0.163751
-0.119151 -0.603518
-0.175474 0.690062
0.290314 -0.449983
0.901723 -0.309576
0.21598 0.409372
-0.273385 -0.565585
-0.197822 -0.439356
-0.433878 0.285231
-0.13699 0.545957
-0.179924 -0.0231514
0.17498 -0.51905
0.241935 -0.639866
0.214771 0.521327
0.501368 0.321955
0.355468 -0.630299
0.508485 0.340543
0.423383 -0.760187
0.298978 0.606498
-0.230335 0.685152
0.266954 0.107841
-0.707238 -0.175185
-0.0856533 0.469354
-0.0155408 0.15683
-0.224459 -0.437042
-0.5767 -0.384431
-0.15351 -0.284396
0.229216 0.521564
0.5169 -0.219893
0.63916 0.393805
0.692086 0.343878
0.217282 0.726117
0.897441 -0.320842
-0.332394 -0.686928
0.149794 0.378965
-0.193704 -0.0345667
-0.189473 0.617696
-0.2726 -0.657272
0.0620045 -0.478782
-0.688062 -0.383365
0.0361065 -0.239978
-0.580728 0.275948
0.568955 0.211721
0.443369 -0.237873
0.131299 0.190612
0.246166 -0.109832
-0.245411 0.381838
-0.0741526 -0.153769
0.338368 0.773536
0.0366238 0.232069
-0.0196506 -0.19868
0.273567 0.794129
0.104889 0.204947
0.210268 0.499441
0.0437458 0.0594936
0.728659 -0.171547
0.477676 -0.229645
0.217685 -0.51277
-0.207898 0.309338
-0.353575 0.830591
0.261023 -0.460327
-0.251415 -0.609265
0.430613 -0.226796
-0.0869863 -0.160174
0.238225 0.350886
0.168338 -0.714988
-0.51633 -0.0814462
-0.298924 -0.74587
0.299087 -0.501119
-0.158306 0.028129
0.143585 0.0367716
0.412883 0.658525
-0.149166 0.209471
-0.247561 0.551091
-0.194594 0.638776
0.392588 -0.143163
0.474742 -0.279644
-0.494295 -0.160619
-0.19512 0.492003
0.0515873 0.252168
-0.818289 0.354139
0.218137 0.806919
-0.447578 0.235391
-0.103475 0.143834
-0.452627 -0.124875
-0.0943456 -0.472478
0.24128 0.317508
-0.628346 -0.252817
-0.0691465 0.207998
0.346919 -0.198578
-0.254679 -0.201442
-0.866688 0.394094
-0.32758 -0.12506
-0.212659 -0.388461
0.859066 0.269608
-0.526539 0.286207
0.459904 -0.251047
-0.118577 -0.309451
-0.401606 -0.0842533
0.0590927 0.0149229
-0.480719 -0.216528
0.0777738 0.312714
-0.43205 -0.0985689
0.318709 0.458315
0.62608 0.345023
0.301497 0.697023
0.231216 0.179223
-0.225383 0.330531
0.0686718 0.237255
-0.125227 0.0303211
0.604056 -0.333259
-0.3615 -0.0887578
-0.0258746 0.000731215
0.823442 0.258507
-0.246676 0.82917
0.807827 -0.419821
-0.724305 -0.274443
0.341042 0.118188
0.108792 -0.501419
-0.190135 0.370815
-0.192019 -0.407077
0.35697 0.745773
0.766928 -0.279126
0.841757 0.372845
-0.525495 -0.353733
0.800506 -0.391213
-0.0311467 -0.250633
-0.269875 0.618504
0.773888 0.273338
0.191137 -0.0748756
-0.434274 -0.176984
-0.266322 0.0935857
-0.341844 -0.142356
-0.208676 -0.647045
-0.811761 -0.382316
0.461221 -0.283342
-0.15137 0.259622
0.344378 -0.60622
0.388108 -0.0422171
-0.098205 0.241816
-0.654502 -0.175846
0.385604 -0.137394
-0.496661 -0.333823
-0.112613 0.619952
0.139617 0.584345
-0.308238 0.760718
-0.430956 -0.770496
-0.320305 -0.0716687
0.0877538 0.567788
0.0626653 0.0684627
-0.193785 0.602864
0.372757 0.248117
-0.130077 0.170706
-0.566791 0.289865
-0.220007 -0.025912
0.175277 -0.124677
-0.375356 -0.0842066
-0.784525 0.356491
0.580505 -0.353463
0.282722 -0.863342
0.0448539 0.152186
-0.194398 -0.649405
-0.272976 0.703141
0.171069 0.2351
-0.16113 -0.386113
-0.19852 -0.269758
-0.0638056 0.253444
0.640469 -0.167828
-0.494246 0.341638
0.549112 -0.276139
0.679553 0.350984
0.171378 0.525623
-0.777267 0.284024
-0.285466 0.704891
0.758689 -0.26582
0.332949 0.612399
-0.155997 0.595323
-0.528547 0.140526
-0.236454 -0.0464801
-0.254469 0.397513
-0.388526 -0.685223
-0.0947575 -0.14019
-0.196994 -0.760852
-0.185575 -0.0376054
0.412029 -0.668741
0.443517 -0.300227
0.289423 -0.43082
0.160037 0.201134
0.447992 -0.0872069
-0.569655 0.241516
-0.534595 -0.339998
0.88795 -0.309588
0.227249 -0.299803
0.639875 0.322766
-0.145894 -0.218836
-0.316134 0.121852
0.283798 -0.052406
-0.423454 -0.703364
0.678562 -0.162591
-0.176673 -0.566581
-0.752819 0.410988
0.0618803 0.405754
-0.312822 -0.583568
0.651456 -0.310909
-0.146097 0.0236332
0.392931 0.595656
0.346335 0.0570821
0.765288 0.222394
-0.142665 0.565081
-0.670998 0.36351
-0.400152 -0.139241
-0.270926 0.0782075
-0.190961 -0.77918
-0.718916 0.310722
0.651443 -0.287972
0.262219 0.854516
-0.306635 -0.752203
-0.576279 -0.101467
-0.194682 0.234923
-0.198976 0.580404
-0.753756 -0.28885
0.0474399 0.145738
0.307447 0.688259
-0.866148 -0.344551
-0.0251219 -0.0268926
0.354679 0.221232
-0.511083 0.12029
0.38296 0.16713
0.150287 -0.462377
0.7444 -0.300857
0.873478 0.365223
-0.726242 -0.272227
-0.80197 0.208371
-0.197262 -0.681603
0.664805 -0.149958
0.30125 -0.530337
-0.156528 -0.278513
0.694997 -0.178847
0.627985 0.37785
0.892705 0.370659
0.189102 0.12568
-0.202242 -0.270946
0.3711 -0.849272
0.115293 0.350973
-0.390263 0.0621012
-0.0738496 0.493756
-0.703161 -0.288709
-0.220025 0.498554
0.339352 -0.156027
0.62112 -0.217118
-0.0974076 0.57823
-0.183662 -0.452281
-0.200698 0.627007
-0.431977 -0.237178
-0.571062 0.0961306
-0.0649703 0.379474
-0.232009 0.38284
0.399883 -0.142621
0.530573 -0.332895
-0.298636 -0.608345
0.0828492 -0.450239
0.357063 0.860826
0.12996 0.630879
0.189152 -0.455555
-0.271157 0.183574
0.566696 -0.212767
0.232051 -0.610354
0.309826 -0.788641
0.0901904 -0.274943
-0.0527622 -0.0491742
-0.185278 -0.642946
0.23128 0.0762612
0.245743 -0.79965
-0.228701 0.498745
0.721015 -0.171643
-0.821997 -0.286863
-0.700774 0.402618
0.76088 0.298677
-0.152527 0.121286
0.480234 0.171051
0.276306 0.125014
-0.287364 0.898904
0.204204 0.44116
0.12759 -0.44867
-0.0921494 0.532736
0.265318 0.339578
0.590102 -0.356381
-0.223197 0.817716
-0.759983 -0.381201
0.227057 -0.292267
0.731061 0.246078
0.169238 0.531999
-0.465118 0.2693
0.265646 0.737516
-0.390538 -0.249036
-0.509081 -0.272382
0.504264 0.173435
-0.596296 -0.140566
-0.598967 -0.10939
-0.505872 -0.155704
-0.127837 0.330955
-0.293635 -0.102305
0.807846 -0.242644
0.164252 0.420453
0.242174 0.760947
-0.457783 -0.0635904
0.0967644 0.205532
-0.745117 0.410505
-0.299511 -0.798696
-0.0782269 -0.27486
0.400011 0.785119
-0.803622 -0.350665
-0.364143 0.881095
0.489258 -0.19127
-0.535201 -0.35399
0.403953 -0.80278
-0.033029 0.243519
-0.164527 -0.672976
-0.28156 0.415383
-0.39516 -0.898778
-0.29083 0.870424
0.39017 -0.813462
-0.324438 0.475442
0.329916 -0.103301
-0.3376 -0.204098
-0.279158 -0.108092
0.131296 0.288408
0.462806 0.225273
0.364942 -0.131678
0.282751 -0.617454
0.393248 0.130604
0.357365 0.749241
0.786483 -0.384257
-0.530693 0.314047
0.745556 0.192029
0.326797 0.0447612
0.539086 0.19611
-0.20829 -0.031382
-0.564622 -0.129804
-0.307641 -0.637113
-0.184846 0.778778
0.275733 -0.639109
-0.581723 0.330798
0.758034 -0.208803
0.435427 0.3172
0.218281 -0.551911
-0.245542 -0.622227
0.691341 0.141156
-0.175426 0.667663
0.66945 -0.406691
-0.0698436 -0.00482687
0.315337 -0.569345
-0.29694 -0.796064
-0.312831 0.894963
-0.400685 -0.835516
0.576887 0.2008
-0.19311 0.632523
-0.692511 -0.239258
0.135863 0.178311
0.0268465 -0.165544
0.389819 0.0936479
0.35007 -0.732219
-0.113235 -0.411973
0.485651 0.0738736
0.195887 -0.362868
-0.750566 0.371886
-0.501382 0.299988
-0.214858 -0.277148
0.294965 -0.204105
-0.283576 -0.5873
-0.559408 -0.142482
-0.0954686 0.286226
0.580967 -0.367776
0.784332 0.394578
-0.110526 0.329209
0.276904 -0.184324
-0.53043 0.185933
0.270449 0.79193
-0.255201 -0.483472
-0.691994 0.2814
-0.216628 0.131239
0.361877 0.901319
-0.673916 0.260248
0.707713 -0.188008
0.381722 0.775009
-0.198345 -0.515379
-0.176838 -0.742885
0.191761 -0.589777
0.36443 -0.267939
-0.67705 -0.377462
0.612815 -0.107412
0.685767 -0.32686
-0.751123 -0.390741
-0.43283 -0.286252
-0.31181 0.448705
-0.303286 -0.465239
0.796392 -0.352418
0.199575 -0.4237
-0.720911 0.387708
0.392334 0.618647
0.765008 -0.372637
0.640972 0.388064
0.371434 0.701602
-0.695578 0.17702
-0.236742 0.336223
-0.241765 0.596559
-0.827697 0.291068
-0.246242 -0.0165946
-0.598545 0.224319
0.269493 0.39112
0.17425 -0.544435
0.599944 -0.104193
-0.680876 -0.284922
0.328297 -0.135263
0.301474 -0.653255
-0.349099 0.544535
0.362524 0.250202
-0.668487 -0.303037
-0.532646 -0.122828
-0.922036 -0.3422
0.0427297 -0.0236511
0.386793 -0.751895
0.40326 0.778228
0.0164125 0.110164
-0.848092 -0.237357
0.0275107 0.129789
0.0128016 0.160603
-0.846975 0.342784
-0.749577 0.311207
-0.24752 0.0328026
0.543552 0.120395
0.856917 0.268021
0.0804148 -0.0675616
-0.0571986 -0.214351
-0.681382 0.216526
-0.778131 -0.206595
0.334766 -0.151051
0.214429 0.0158156
-0.456911 0.119625
-0.578741 -0.358823
-0.727955 -0.351612
-0.0488796 -0.267229
-0.0326584 -0.0962833
-0.524105 -0.178529
-0.00618281 0.0754744
-0.168406 -0.543288
0.28406 0.580311
0.368179 -0.0710352
0.559024 -0.24274
0.238497 -0.836034
-0.403966 0.872608
-0.327613 0.705983
-0.332671 -0.604493
-0.664736 -0.225654
0.553476 -0.254846
0.411515 -0.235016
0.154695 -0.526938
-0.103706 -0.375385
-0.695706 0.401389
-0.184986 0.259104
-0.0327675 0.2405
-0.287809 0.466382
0.273067 0.646654
0.283376 0.180431
-0.424317 0.868485
-0.499574 -0.301159
0.331602 -0.109699
-0.0194311 0.254122
-0.317023 0.0549418
-0.195843 0.723625
0.184652 0.136983
0.176887 -0.532699
0.734817 0.250098
-0.573175 -0.123222
0.394082 0.676272
-0.258377 -0.0402019
0.614001 0.272385
-0.40647 -0.841293
-0.33284 -0.889423
0.663998 0.162712
0.252935 -0.162281
0.360306 0.700138
0.534885 -0.310768
-0.374424 0.647105
-0.186407 -0.387427
0.332297 0.0725445
-0.117379 -0.0642439
-0.702169 -0.21445
0.368505 0.588243
0.361179 -0.198993
0.356468 0.684944
-0.15084 -0.0163564
-0.408452 0.299529
-0.0182823 0.0981494
0.260303 0.620747
0.627495 0.3354
-0.668229 -0.329341
-0.403038 0.120452
0.0570024 -0.180955
0.0866325 -0.512831
0.0960028 0.494816
-0.664919 -0.269916
0.375871 0.829891
0.340584 0.140624
-0.0764436 -0.298182
-0.417994 0.788235
-0.489936 -0.16704
0.137003 0.0383943
0.54169 -0.323083
0.34143 -0.925776
-0.327867 -0.772237
-0.346049 0.879309
0.185495 0.0408619
-0.223281 -0.382295
-0.453704 -0.0616069
-0.282435 -0.618431
0.705181 -0.307488
-0.0889081 0.346468
-0.132701 0.0874218
-0.908454 0.328382
0.0316899 -0.218549
-0.295772 0.0428639
-0.205627 -0.446796
-0.702094 0.264232
-0.234091 -0.143314
-0.774607 -0.312072
-0.0301403 0.265011
0.361602 0.243501
0.624579 0.374372
-0.218156 -0.135058
-0.0107646 0.154481
-0.331254 -0.810121
-0.264142 -0.0653807
0.237099 -0.680388
-0.518669 0.205688
-0.534189 0.129034
-0.0726526 0.438187
0.0552139 0.103295
0.190581 0.44569
0.615614 -0.298768
0.368014 0.104343
-0.200433 -0.428923
0.716236 0.228292
-0.114955 0.239624
0.82319 0.384422
0.204419 -0.0625546
0.381373 0.813491
0.775184 -0.394881
0.221455 0.078882
0.35287 0.817378
0.0408882 0.239132
0.491001 -0.165786
-0.38942 -0.606713
0.388618 -0.6399
0.195216 -0.70592
0.460499 -0.0718841
-0.399745 0.0857468
-0.170786 0.566353
0.0610603 0.0983308
-0.029404 -0.294339
-0.154733 0.120691
0.496912 0.104123
-0.189099 -0.669513
-0.303277 0.858377
-0.161098 0.650614
-0.223749 -0.112629
0.191252 -0.77309
-0.0419161 -0.107922
0.320636 0.73907
0.424247 -0.267274
-0.298565 0.17086
0.251894 -0.475323
-0.104513 -0.577369
0.788634 0.280938
-0.261671 0.784355
-0.427875 0.839886
0.36777 0.239368
0.681695 0.172621
0.175423 -0.381157
-0.227801 0.427784
0.187268 -0.584269
0.422638 -0.0675536
0.743476 0.245704
-0.0227223 -0.0780172
-0.197946 0.439605
0.340953 0.120776
0.138691 -0.427484
0.552214 0.233642
0.433161 -0.163287
0.0756411 -0.116691
0.391973 -0.650752
0.646534 -0.380317
-0.095456 -0.514266
0.259731 0.434318
0.338438 0.623937
-0.670268 -0.412679
-0.369555 0.150799
0.287563 -0.51548
0.257486 0.0197689
-0.382701 0.806279
0.162789 -0.326801
0.421717 0.865125
0.844881 -0.43185
0.0876502 -0.561503
0.223439 -0.393331
-0.309761 0.525989
-0.378512 -0.78228
0.316681 -0.475113
-0.571562 0.236148
-0.117829 0.594755
-0.166578 0.276339
0.595717 -0.126455
0.282699 0.446134
-0.278476 -0.816137
0.415221 0.787834
-0.331775 0.0995535
0.10927 -0.623596
-0.650189 -0.379892
-0.269686 -0.147983
0.918792 0.358935
-0.331698 -0.17374
-0.231585 0.514395
0.361395 0.769196
-0.267632 0.569305
-0.835646 -0.392136
0.348969 0.127591
0.745306 -0.305081
-0.138979 0.115839
0.195185 0.245631
0.499848 -0.240023
-0.491627 0.315722
-0.252676 -0.707487
0.433814 -0.26933
-0.859586 0.245921
0.231085 -0.74221
-0.0117125 0.188653
-0.451299 -0.310044
0.694648 -0.163811
-0.248519 -0.460289
-0.547464 0.350275
-0.478507 -0.199528
-0.759261 -0.430834
-0.638049 0.25027
-0.616416 0.333213
0.395653 0.187532
-0.3004 -0.0640322
-0.2964 0.114182
-0.378033 0.658935
-0.450777 -0.180409
-0.0786855 0.357732
-0.843017 0.373958
-0.857811 0.405481
-0.54378 -0.276942
-0.738032 0.210091
0.337388 -0.461179
0.0290532 0.195015
-0.740288 -0.201686
-0.294279 0.442001
0.338949 -0.0385075
-0.630771 -0.390273
-0.897567 0.325186
-0.284685 -0.467836
0.271918 0.0892602
-0.86641 -0.387851
0.552243 0.0944005
0.660841 0.384586
0.493173 -0.316565
-0.646775 0.2763
-0.0695282 -0.508328
-0.136337 -0.377236
0.585385 0.281124
-0.40978 -0.121444
0.374205 0.89952
0.820359 0.264714
0.146282 0.560288
-0.374017 -0.20796
-0.181176 -0.360161
-0.625886 -0.395595
-0.142058 -0.621647
-0.340665 0.219889
-0.733042 0.396242
-0.377764 0.672322
0.129859 0.256111
0.599634 0.335947
0.699853 -0.370869
-0.132258 0.396154
-0.253542 0.628347
0.242262 0.0244136
0.314197 0.464781
0.261444 -0.849987
-0.235221 0.633007
-0.377567 -0.138667
-0.287036 -0.480427
0.594665 0.206306
-0.349507 -0.615405
-0.157324 0.410939
0.647185 0.314801
-0.427154 -0.73797
-0.304698 0.0951921
-0.142819 -0.0588857
-0.0711309 -0.307206
0.279163 0.508066
0.0915495 -0.464416
0.222348 0.759069
-0.054915 -0.0623242
0.263141 -0.173091
-0.47926 -0.211501
-0.300206 0.662951
0.0809343 0.371452
0.288036 0.755787
0.332141 0.839155
0.524235 0.136564
0.0757626 0.465835
0.308337 0.576461
-0.292362 -0.470191
-0.160775 0.507904
0.241429 0.658728
0.4006 -0.0702799
-0.38848 -0.298887
0.487354 0.153738
-0.347097 -0.562077
-0.465424 -0.201651
-0.522507 0.0905649
-0.536989 0.151271
0.339746 -0.834611
0.306732 -0.0484238
-0.286705 -0.381292
0.255995 0.774302
0.465692 0.217905
-0.263656 -0.215909
0.0516412 -0.137236
-0.39283 -0.835472
0.673377 0.312559
-0.588129 0.283793
-0.487994 0.114064
0.310758 -0.712083
-0.579449 0.137196
0.297345 -0.809668
0.214547 -0.594924
-0.421553 -0.715548
0.288664 -0.134401
-0.0880099 0.554146
-0.423094 0.700559
-0.175802 -0.0176679
0.312384 -0.626828
0.192193 0.543306
0.0987604 0.237905
0.31412 -0.0327593
0.164528 -0.252546
0.264505 0.7625
0.634622 -0.302963
-0.195552 0.311169
0.39534 0.872863
-0.371088 0.53556
0.600324 -0.256337
0.294315 -0.0273124
0.17605 0.220722
0.236187 0.510285
-0.21034 -0.335252
-0.367834 0.61885
-0.78459 0.23344
0.868147 -0.283562
0.186181 0.542233
0.134132 -0.0688222
-0.324993 0.632029
0.599287 -0.297208
0.33706 -0.625235
-0.685897 -0.151976
0.580249 0.370471
-0.102383 -0.0668926
0.285337 -0.0746546
-0.153081 0.487162
0.267225 0.802133
0.103552 -0.265305
0.318149 0.221076
0.921751 0.38265
0.0249174 0.184595
0.0554766 -0.100731
0.345053 0.60957
-0.376684 0.63406
-0.530321 0.299041
0.422042 -0.725628
0.140063 -0.031458
-0.311858 0.482253
0.295518 -0.13452
0.306814 0.0849785
0.0781072 0.174527
0.214745 -0.769605
-0.911571 0.315034
0.355765 -0.195184
-0.248207 0.0656765
-0.153284 0.325483
0.131108 0.369401
-0.314935 0.752763
0.00428934 -0.111074
0.239392 -0.633771
0.593463 0.118655
-0.650166 -0.361992
-0.493057 -0.330904
0.897634 -0.392566
0.302755 0.187542
-0.383261 -0.232533
0.788589 0.297029
0.3526 -0.876628
-0.192129 0.329426
-0.77292 -0.354785
-0.0869249 0.214788
0.644316 -0.192709
0.251285 -0.670571
-0.198318 0.313939
-0.401384 -0.75798
-0.338194 -0.841021
-0.245726 -0.805442
-0.119282 0.0999215
-0.110762 0.550975
-0.0880888 0.123088
-0.674384 0.167655
0.772285 0.351658
0.624244 -0.163346
-0.364108 0.642177
0.50951 0.0966929
0.203085 0.0575982
0.0993144 -0.385298
0.0865545 0.294134
-0.215933 -0.043774
-0.410867 0.717564
-0.338231 0.0370718
-0.113677 -0.587328
-0.790516 -0.237825
-0.680419 0.313946
-0.573255 -0.295233
-0.600604 -0.314101
0.287064 -0.477113
0.894872 -0.378806
0.638811 -0.129832
0.144249 -0.626866
0.227937 -0.507944
0.301785 -0.640223
-0.500679 0.132365
0.44768 -0.302233
-0.0162811 0.1152
0.68956 0.159891
0.153579 -0.102938
0.0464382 0.183036
-0.639067 0.159417
-0.12044 -0.277871
-0.203037 0.769041
0.898238 -0.328242
-0.114029 -0.128962
0.334571 -0.529633
0.337658 0.503309
0.401759 -0.672196
0.107096 0.149061
0.372382 0.766787
-0.0998218 -0.479079
-0.356356 0.598557
-0.12317 0.267964
-0.100181 -0.433971
0.0907488 -0.566789
0.494575 0.323629
0.309678 -0.633078
0.716767 -0.278287
0.417774 0.104783
0.0125785 -0.215555
0.305264 -0.552048
-0.275357 0.750027
-0.148232 0.312756
0.0116491 -0.115285
0.719192 0.216425
0.74697 0.418581
0.626155 -0.234622
-0.0679893 0.481433
-0.42567 -0.726352
-0.789898 -0.303089
-0.259284 0.0249296
0.0159766 0.163944
0.756257 0.394762
-0.111484 0.375583
0.0575019 -0.255637
0.120425 0.140704
0.522256 -0.289032
-0.397946 0.0873659
-0.302115 0.84744
0.48212 0.227134
-0.527701 0.290423
-0.780986 0.429498
-0.236357 -0.391641
-0.129054 -0.261122
0.0313921 0.258989
0.741127 0.380922
0.22176 0.115679
0.122114 -0.46142
-0.132481 0.5235
-0.0965469 0.590097
-0.122506 -0.423547
0.347213 -0.102115
-0.894185 -0.342268
-0.10066 0.374845
0.390088 -0.297113
-0.649547 0.260371
0.353623 0.795328
0.106788 -0.00923107
-0.123313 0.398201
-0.057315 0.19981
0.109061 -0.429992
0.241021 -0.128951
0.14633 0.614948
-0.402341 -0.766366
0.894231 -0.407354
-0.537623 0.29267
-0.43287 0.254908
0.0929618 -0.205976
0.171873 -0.0729825
-0.22898 -0.484856
-0.400315 0.234691
0.304765 -0.554423
0.410575 0.111336
-0.396865 -0.607369
-0.220086 -0.777338
0.0975067 0.336931
0.0917713 -0.0742409
-0.221821 0.667616
0.722046 0.230658
0.511356 -0.132802
0.625545 -0.365109
-0.0529634 0.207725
0.124277 -0.331521
0.332544 -0.787729
0.553811 0.329763
0.242154 0.849538
0.508637 -0.197601
0.730214 -0.310101
0.628106 -0.402742
0.685045 0.259725
0.26252 0.441581
0.0361909 -0.0704205
0.259887 0.0299654
-0.0888518 -0.544305
0.0256518 -0.0849679
0.511202 0.0805465
-0.248944 -0.543233
-0.148832 -0.695694
-0.0836511 0.484684
-0.368049 0.0407926
0.250621 0.460829
-0.18631 -0.398777
0.369553 0.0519276
0.55369 -0.102088
-0.222238 0.119298
-0.162328 -0.100516
0.628669 -0.292893
0.298521 -0.055412
-0.405623 0.0486965
-0.765702 -0.284665
0.383433 -0.580047
0.761445 0.369344
-0.097401 0.244673
0.92461 0.369264
-0.294071 0.0273856
0.195378 0.336879
0.599354 0.143918
0.182297 -0.0953128
0.300403 0.579673
-0.450151 -0.155077
-0.776097 0.19571
0.459404 -0.322612
0.530932 -0.283074
-0.0511379 -0.435536
-0.494015 -0.267233
-0.130749 0.46855
0.182502 -0.138081
0.321164 -0.557201
0.452601 0.160173
0.342235 -0.877175
0.219692 0.762148
-0.357633 -0.892151
-0.230525 -0.376375
-0.500152 0.195358
-0.155296 0.228
-0.341632 -0.0726444
-0.332722 -0.172212
-0.148575 0.643413
-0.621628 0.219076
0.262897 0.780804
-0.0546458 -0.237075
-0.19104 -0.631396
-0.130073 0.234735
-0.0315218 0.219999
0.0947213 -0.157271
-0.644669 0.237498
0.768697 0.37196
0.270374 0.408177
0.0871063 -0.266442
0.0533237 0.336585
-0.209217 0.268588
0.277757 -0.464059
0.469667 0.277301
-0.515593 0.344901
-0.815731 -0.397848
0.0150333 0.21296
-0.170891 -0.01197
-0.385235 -0.680173
-0.226343 0.159907
0.554914 0.285383
0.26859 -0.684294
0.542008 -0.298647
-0.444744 -0.281943
0.283427 0.750731
0.291766 -0.747708
0.114801 -0.4187
0.413254 0.26011
-0.201065 -0.0509345
0.222119 -0.518847
-0.0196824 -0.188228
0.274953 0.193085
-0.138021 0.297198
-0.229206 0.115413
-0.230196 -0.143703
-0.466246 0.190435
-0.031741 0.33989
0.123958 0.43004
0.238732 0.782096
0.794831 0.199458
0.278666 0.14614
0.330625 -0.916981
-0.896104 0.374651
0.337235 0.479966
0.105393 -0.41701
-0.51286 0.290687
-0.592715 0.125224
-0.151391 0.58939
0.132518 -0.37286
0.627177 0.34728
0.808712 -0.263397
0.702261 -0.420179
-0.50051 -0.253035
0.498917 0.185202
-0.421018 -0.218145
0.275891 0.703639
0.280605 0.771217
0.0503128 0.295258
0.355169 -0.718161
0.0745645 0.078808
-0.121133 -0.521023
-0.433081 0.119861
0.371851 -0.060732
-0.781654 -0.414351
0.327688 -0.758105
-0.115899 0.278064
0.405778 0.782265
-0.264265 -0.557406
-0.814216 -0.347496
0.199461 -0.518204
0.599485 0.259922
-0.803542 0.284107
-0.351808 -0.636537
0.723809 0.27863
0.213446 -0.145409
0.881358 -0.30806
-0.626589 -0.246416
0.417397 -0.877471
-0.0709198 -0.114119
-0.539642 0.291581
-0.18466 0.384711
0.321254 0.456075
-0.629697 0.190796
-0.151642 0.428385
-0.289555 -0.13893
0.204664 -0.0184576
0.166242 -0.297683
-0.641119 0.11574
0.209843 -0.442543
-0.247219 0.053035
-0.406593 0.89999
0.366941 0.638495
-0.113937 0.337199
0.138952 -0.213345
-0.3544 -0.841925
0.160939 0.559327
-0.527879 0.359788
-0.829996 -0.424573
-0.282496 -0.180097
-0.300463 -0.459573
0.121154 -0.651061
-0.757829 -0.312304
0.153557 0.375944
0.749017 -0.284397
0.283868 0.716796
0.335517 0.0302004
0.090636 -0.0830245
0.188124 -0.130059
0.234692 -0.774045
0.549795 -0.0894029
-0.0198008 0.247244
0.228554 0.510284
0.36207 0.547103
0.220133 -0.452342
-0.155166 -0.555205
0.36375 0.779906
0.184773 0.135666
-0.313697 -0.154907
-0.242481 0.376823
-0.088367 -0.165591
0.275723 -0.504106
0.160841 -0.596436
0.319091 -0.596479
-0.335299 -0.468166
0.304233 0.782749
-0.586167 0.342355
-0.349031 -0.524852
-0.610525 -0.332018
0.892382 0.30236
0.30815 0.842724
-0.92105 0.385984
0.194319 0.383039
0.145506 0.6069
-0.524765 0.0746531
-0.723276 0.335586
0.247818 0.395018
-0.76952 -0.392877
-0.730409 0.217866
-0.290763 -0.54335
0.0944879 -0.11708
0.330022 -0.897112
0.384002 -0.790885
0.22669 -0.631397
0.666984 0.237043
0.20093 0.32366
-0.810038 0.218539
-0.540437 -0.113608
0.255333 -0.870866
0.218748 -0.099769
-0.387718 -0.606614
-0.724593 0.256228
0.356499 0.682361
0.644953 -0.27008
0.0705456 0.115268
0.394858 0.279699
0.362167 0.65298
0.549267 -0.326517
-0.847792 -0.233849
-0.471475 -0.303034
0.844751 0.322908
0.0679331 0.116846
0.355621 -0.607473
-0.211166 0.122328
-0.38079 -0.125757
0.555509 -0.353178
0.0147928 0.225023
0.40349 0.26986
0.0779396 0.0201079
-0.316924 -0.712811
-0.160569 -0.219784
0.580749 0.388424
-0.293549 0.0934056
0.776419 -0.324403
-0.287194 -0.827889
0.33651 0.7329
-0.395889 0.132444
0.36945 0.780817
-0.378967 0.645004
0.650301 -0.319309
-0.603246 0.225865
0.752732 -0.371097
0.242945 -0.492787
-0.100503 0.31488
0.24869 -0.0759463
-0.339811 -0.766491
-0.161161 0.571586
0.459724 0.247058
0.588451 0.217101
-0.381012 -0.610287
-0.00893373 0.0981845
0.201843 0.74999
-0.239202 -0.193049
-0.400655 0.116443
-0.134766 -0.0192314
-0.540487 0.244322
-0.388099 -0.130662
-0.64297 0.272924
-0.279861 0.379899
0.138027 0.439294
-0.561336 -0.115006
0.0799878 0.3034
-0.286317 0.126
0.225193 0.617944
-0.550973 -0.151761
-0.207794 -0.357084
-0.0808725 0.365195
0.747379 -0.300398
-0.329739 -0.156335
0.247847 -0.827143
0.07272 0.0135145
0.498482 -0.102124
0.202549 0.649263
0.668293 0.184489
-0.0303645 0.323741
-0.693184 -0.161852
0.0421886 0.102705
0.585653 -0.23572
-0.762374 -0.317685
-0.274905 -0.161871
-0.226352 -0.275076
-0.921381 -0.386921
-0.247312 -0.416981
0.0814436 0.42524
0.137843 0.526276
-0.570024 -0.204105
0.391424 0.630325
-0.324544 -0.609666
-0.640836 -0.171301
-0.299612 0.172357
-0.162171 0.571329
-0.581879 0.3433
0.15922 -0.340331
-0.329086 -0.245654
-0.586442 -0.325465
0.068297 -0.117133
0.6215 0.274915
-0.0298266 0.238288
-0.349996 0.761583
-0.00348762 -0.104213
-0.112658 -0.316779
0.500787 0.274385
0.138443 0.66167
0.241748 0.0903055
-0.410257 -0.309633
0.24559 0.511621
-0.342265 0.568246
0.306312 0.133508
0.593078 -0.259273
0.274496 0.454977
0.835879 0.260457
0.3282 -0.48117
-0.325245 -0.218323
0.277624 -0.528012
0.433119 0.187029
0.723785 0.222853
-0.387544 -0.703693
-0.158641 0.109422
0.475355 0.141458
-0.0861416 0.342551
0.602157 -0.247458
-0.748942 0.343928
0.176601 0.0827386
-0.539584 -0.334157
0.794243 0.38166
-0.267381 -0.0355221
-0.740236 0.354598
-0.0852134 -0.258356
0.252792 -0.349131
-0.0299245 -0.0707311
-0.709137 0.207538
0.356186 -0.111507
-0.419583 0.877639
-0.638999 -0.368017
0.627818 0.175394
-0.0157695 0.164974
-0.0755871 -0.0857224
0.375713 0.178784
-0.623935 -0.282369
-0.346938 0.737061
-0.543534 -0.116765
0.687217 0.384717
-0.352765 0.595393
-0.626851 0.352742
0.0202916 0.167467
0.27809 0.77989
0.783084 -0.202212
-0.205858 -0.393321
0.825435 -0.219186
-0.533033 0.321556
-0.03369 -0.0285282
-0.299154 -0.687394
0.827403 0.225906
-0.317836 0.132902
0.108616 0.419118
-0.634109 0.198049
0.741776 -0.273062
0.449755 0.166199
0.848755 0.283232
0.0202048 -0.0388201
0.365497 -0.720859
0.27801 -0.0424463
0.288895 -0.666788
-0.386331 0.240799
0.503931 0.251862
-0.679969 -0.209954
0.259379 0.477387
0.524997 0.239132
0.775595 0.316728
0.458157 -0.276371
-0.286108 0.89022
-0.214325 0.178524
-0.0937364 0.401543
0.243652 -0.794521
0.798575 0.290029
0.573083 0.2532
-0.0580296 -0.250526
0.188031 -0.635243
0.204286 -0.69592
0.397525 0.0628384
-0.715983 0.345143
-0.165209 -0.637554
-0.176971 0.250342
-0.173262 0.427436
-0.148341 0.0109375
0.285955 -0.737778
0.0520954 -0.19468
-0.464797 0.328745
-0.13302 -0.41978
-0.0728437 -0.469224
0.734472 0.197918
-0.259702 -0.0706297
0.162634 -0.428245
0.43232 -0.158241
-0.288059 0.377847
0.273173 0.0644255
-0.677097 0.268949
0.0179889 0.231261
0.522102 0.239684
0.0946527 -0.0161144
-0.0961962 -0.544174
-0.674514 0.377593
-0.753323 -0.225816
0.698571 0.322864
-0.19202 0.782494
-0.170913 -0.216861
-0.182706 -0.0268783
-0.315692 -0.574704
-0.177871 -0.339025
0.896312 0.362269
-0.0450408 -0.0204477
-0.577864 -0.224952
0.251595 0.472845
0.311631 0.628242
0.13898 -0.561876
0.326124 0.607227
-0.0851984 0.118268
-0.210846 0.459264
-0.226304 -0.272882
-0.795515 -0.277823
0.305921 -0.425516
0.143919 -0.260532
0.711697 0.236608
-0.0315692 0.182637
0.358791 0.678806
-0.250248 0.0253755
0.165558 0.611943
0.69309 -0.289146
0.595828 0.25841
0.501448 0.335996
-0.263687 0.512336
0.334227 0.474221
-0.266234 -0.621222
-0.28853 -0.521733
-0.334471 0.495825
0.219768 0.280712
-0.105375 -0.019823
0.260616 -0.680314
-0.324863 -0.842243
0.198623 -0.11417
0.694186 -0.390673
-0.0556422 -0.162633
-0.0416518 0.381255
-0.245249 0.500835
0.752107 -0.369129
0.332177 -0.220927
0.179861 0.646341
0.0916221 -0.38472
0.419875 -0.128558
-0.477251 -0.326013
-0.684764 -0.30387
0.675466 0.299721
-0.451584 -0.0837496
-0.204967 0.470002
-0.421037 0.798676
-0.181478 0.703673
0.341859 -0.837991
-0.629495 -0.173902
0.0393773 -0.00566412
0.228317 -0.192899
0.103786 -0.37698
-0.140254 -0.126272
-0.157495 0.725589
-0.0455705 -0.148617
-0.271037 0.0969167
0.0613636 -0.272301
-0.0910806 -0.367941
-0.161251 -0.220677
-0.687768 0.333829
0.500114 0.270305
0.411871 0.305025
0.1985 -0.0507991
0.537815 -0.323651
-0.182964 -0.0413169
-0.444638 -0.219994
0.0973586 0.515939
-0.31098 -0.245211
-0.565477 0.200263
0.141598 0.530869
0.751428 -0.344442
-0.254341 -0.598835
0.0414141 0.239658
-0.683632 0.371548
0.386121 0.113068
-0.737998 0.388764
0.392888 0.784148
0.310724 -0.0361432
0.502904 0.201083
-0.375779 -0.656224
0.48716 0.222181
0.859391 -0.414641
-0.753991 -0.245792
0.859982 -0.326806
-0.244304 -0.453126
